sec"    "mA"    "mV
0.154    3.09080600738525    -14.9929437637329
0.253    3.08685803413391    22.1291561126709
0.351    3.0947790145874    55.7973251342773
0.449    3.08291029930115    83.5444030761719
0.548    3.09675312042236    108.748039245605
0.646    3.09080600738525    133.761703491211
0.744    3.09080600738525    154.979888916016
0.843    3.09080600738525    174.717666625977
0.941    3.09280514717102    195.707992553711
1.039    3.08291029930115    213.548034667969
1.138    3.08685803413391    232.944259643555
1.236    3.09080600738525    249.000259399414
1.334    3.09080600738525    264.942077636719
1.433    3.09080600738525    282.250579833984
1.531    3.09280514717102    297.471405029297
1.629    3.08488416671753    312.996337890625
1.728    3.0947790145874    328.938171386719
1.826    3.08883190155029    343.855316162109
1.925    3.0947790145874    357.899871826172
2.023    3.08883190155029    373.651733398438
2.121    3.09280514717102    387.0126953125
2.22    3.08685803413391    399.311096191406
2.318    3.09280514717102    412.634155273438
2.416    3.09080600738525    422.464904785156
2.515    3.09280514717102    432.979248046875
2.613    3.08488416671753    440.988067626953
2.711    3.09280514717102    448.162170410156
2.81    3.09280514717102    455.525756835938
2.908    3.09280514717102    461.636810302734
3.006    3.08685803413391    468.241516113281
3.105    3.09675312042236    474.656219482422
3.203    3.09080600738525    481.033050537109
3.301    3.09080600738525    486.840454101563
3.4    3.09280514717102    493.938781738281
3.498    3.09280514717102    500.163513183594
3.596    3.09080600738525    506.388763427734
3.695    3.09080600738525    513.828125
3.793    3.09280514717102    520.584411621094
3.891    3.08883190155029    529.011047363281
3.99    3.09080600738525    536.526733398438
4.088    3.09080600738525    544.80126953125
4.186    3.09280514717102    555.467224121094
4.285    3.09675312042236    565.260559082031
4.383    3.08685803413391    576.685424804688
4.481    3.0947790145874    589.401123046875
4.58    3.09080600738525    601.813232421875
4.678    3.0947790145874    614.642700195313
4.776    3.08883190155029    627.738342285156
4.875    3.09080600738525    638.973754882813
4.973    3.0947790145874    648.804504394531
5.071    3.09280514717102    658.711486816406
5.17    3.09280514717102    665.9609375
5.268    3.09872698783875    673.590759277344
5.367    3.08488416671753    678.980346679688
5.465    3.09280514717102    683.307861328125
5.563    3.09080600738525    688.849487304688
5.662    3.09080600738525    692.644958496094
5.76    3.08883190155029    696.554626464844
5.858    3.09080600738525    699.85693359375
5.957    3.09280514717102    703.690856933594
6.055    3.09080600738525    706.689514160156
6.153    3.09080600738525    709.611938476563
6.252    3.09280514717102    712.496948242188
6.35    3.08883190155029    714.622497558594
6.448    3.09280514717102    717.393371582031
6.547    3.09280514717102    719.328979492188
6.645    3.09080600738525    721.644592285156
6.743    3.08883190155029    723.466491699219
6.842    3.09080600738525    724.756958007813
6.94    3.08883190155029    727.22412109375
7.038    3.09080600738525    728.742370605469
7.137    3.09280514717102    730.678527832031
7.235    3.09080600738525    732.0068359375
7.333    3.08685803413391    733.752990722656
7.432    3.08685803413391    735.802795410156
7.53    3.08685803413391    736.865356445313
7.628    3.08685803413391    738.801025390625
7.727    3.09675312042236    739.901977539063
7.825    3.09080600738525    741.344482421875
7.923    3.08685803413391    742.55908203125
8.022    3.08883190155029    744.266845703125
8.12    3.09280514717102    744.950439453125
8.218    3.08685803413391    745.78515625
8.317    3.09280514717102    747.493408203125
8.415    3.09080600738525    748.214416503906
8.513    3.08685803413391    749.315368652344
8.612    3.09080600738525    750.340026855469
8.71    3.09080600738525    751.440979003906
8.808    3.0947790145874    752.769287109375
8.907    3.09675312042236    753.452880859375
9.005    3.09080600738525    754.781188964844
9.103    3.08685803413391    755.122741699219
9.202    3.08685803413391    756.489440917969
9.3    3.09280514717102    757.058898925781
9.398    3.09280514717102    757.855712890625
9.497    3.09280514717102    758.766662597656
9.595    3.0947790145874    758.956604003906
9.693    3.09280514717102    760.133361816406
9.792    3.09080600738525    760.399108886719
9.89    3.09080600738525    761.044372558594
9.988    3.0947790145874    762.069030761719
10.087    3.09280514717102    762.221069335938
10.185    3.09280514717102    763.397338867188
10.283    3.08685803413391    763.625183105469
10.382    3.09675312042236    764.764038085938
10.48    3.09280514717102    765.143493652344
10.578    3.09080600738525    765.826599121094
10.677    3.09872698783875    766.358093261719
10.775    3.09080600738525    766.8896484375
10.873    3.09080600738525    767.344909667969
10.972    3.09280514717102    767.876403808594
11.07    3.0947790145874    768.44580078125
11.168    3.08883190155029    768.673706054688
11.267    3.09080600738525    768.787414550781
11.365    3.09080600738525    769.584655761719
11.464    3.08883190155029    769.888305664063
11.562    3.08685803413391    771.065063476563
11.66    3.08883190155029    770.912963867188
11.759    3.08685803413391    771.786071777344
11.857    3.08685803413391    772.051818847656
11.955    3.08883190155029    772.84912109375
12.054    3.09280514717102    773.5322265625
12.152    3.08291029930115    773.797973632813
12.25    3.09280514717102    774.101623535156
12.349    3.09080600738525    774.329040527344
12.447    3.09280514717102    774.8984375
12.545    3.09280514717102    775.316284179688
12.644    3.09080600738525    775.164184570313
12.742    3.09280514717102    776.113098144531
12.84    3.09872698783875    776.189331054688
12.939    3.09280514717102    776.910339355469
13.037    3.09080600738525    776.644592285156
13.135    3.08883190155029    777.707641601563
13.234    3.09080600738525    778.390747070313
13.332    3.09080600738525    778.542358398438
13.43    3.09280514717102    778.846008300781
13.529    3.09080600738525    779.263854980469
13.627    3.09675312042236    779.794860839844
13.725    3.08291029930115    779.98486328125
13.824    3.08685803413391    780.554260253906
13.922    3.08685803413391    780.66796875
14.02    3.09280514717102    780.516357421875
14.119    3.08883190155029    781.199462890625
14.217    3.09080600738525    781.047912597656
14.315    3.08685803413391    781.731018066406
14.414    3.08883190155029    781.731018066406
14.512    3.08883190155029    782.452026367188
14.61    3.09080600738525    783.173522949219
14.709    3.08685803413391    782.983520507813
14.807    3.09080600738525    783.818725585938
14.905    3.09080600738525    783.666625976563
15.004    3.09080600738525    784.501831054688
15.102    3.09280514717102    784.57763671875
15.2    3.08883190155029    785.147033691406
15.299    3.09080600738525    785.184936523438
15.397    3.09080600738525    785.184936523438
15.495    3.09080600738525    785.830139160156
15.594    3.08883190155029    785.602783203125
15.692    3.09080600738525    786.285888671875
15.79    3.09280514717102    786.399536132813
15.889    3.08685803413391    786.778991699219
15.987    3.08685803413391    787.50048828125
16.085    3.09280514717102    787.538391113281
16.184    3.08685803413391    787.955749511719
16.282    3.09080600738525    787.879943847656
16.38    3.09080600738525    788.715148925781
16.479    3.09080600738525    788.600952148438
16.577    3.09080600738525    789.018798828125
16.675    3.09080600738525    789.474060058594
16.774    3.08291029930115    789.056701660156
16.872    3.09280514717102    789.85400390625
16.97    3.08685803413391    789.588195800781
17.069    3.08883190155029    789.891906738281
17.167    3.08883190155029    790.461303710938
17.265    3.09080600738525    790.650756835938
17.364    3.08685803413391    791.372253417969
17.462    3.09080600738525    791.182312011719
17.56    3.09080600738525    792.055358886719
17.659    3.08488416671753    791.523864746094
17.757    3.09080600738525    792.510620117188
17.855    3.09280514717102    792.624816894531
17.954    3.09080600738525    792.700622558594
18.052    3.09280514717102    793.004272460938
18.15    3.09080600738525    793.042175292969
18.249    3.09280514717102    793.421630859375
18.347    3.09280514717102    793.4599609375
18.445    3.09675312042236    793.383728027344
18.544    3.08685803413391    794.067321777344
18.642    3.09280514717102    794.14306640625
18.74    3.09080600738525    794.826171875
18.839    3.09280514717102    794.44677734375
18.937    3.08685803413391    795.243530273438
19.035    3.09675312042236    795.357727050781
19.134    3.08883190155029    795.81298828125
19.232    3.08883190155029    795.889221191406
19.33    3.08685803413391    795.889221191406
19.429    3.08685803413391    796.458190917969
19.527    3.09280514717102    796.306579589844
19.625    3.09280514717102    796.800231933594
19.724    3.08883190155029    796.648132324219
19.822    3.09280514717102    796.610229492188
19.92    3.09080600738525    797.065490722656
20.019    3.09080600738525    796.951782226563
20.117    3.09080600738525    797.86279296875
20.215    3.09080600738525    797.293334960938
20.314    3.08685803413391    798.242248535156
20.412    3.08685803413391    798.394287109375
20.51    3.08883190155029    798.697937011719
20.609    3.09280514717102    798.849548339844
20.707    3.09280514717102    799.267395019531
20.805    3.08291029930115    799.343200683594
20.904    3.09080600738525    799.267395019531
21.002    3.09080600738525    799.646850585938
21.1    3.08883190155029    799.874694824219
21.199    3.09280514717102    799.533142089844
21.297    3.09080600738525    800.026306152344
21.395    3.09080600738525    800.026306152344
21.494    3.08685803413391    800.709411621094
21.592    3.09080600738525    800.633605957031
21.69    3.09080600738525    801.08935546875
21.789    3.09280514717102    801.316711425781
21.887    3.08291029930115    801.393005371094
21.985    3.0947790145874    801.734558105469
22.084    3.09080600738525    802.000305175781
22.182    3.09080600738525    802.151916503906
22.28    3.08883190155029    802.000305175781
22.379    3.09280514717102    802.531372070313
22.477    3.08883190155029    802.417663574219
22.575    3.09080600738525    802.45556640625
22.674    3.08883190155029    802.797119140625
22.772    3.09280514717102    802.607604980469
22.87    3.09280514717102    803.177062988281
22.969    3.09280514717102    802.987060546875
23.067    3.08488416671753    803.708068847656
23.165    3.08291029930115    803.898071289063
23.264    3.09280514717102    804.01171875
23.362    3.09080600738525    804.239624023438
23.46    3.08291029930115    804.391662597656
23.559    3.09080600738525    804.581176757813
23.657    3.08685803413391    804.619079589844
23.755    3.08685803413391    804.922729492188
23.854    3.09280514717102    804.960632324219
23.952    3.09080600738525    804.656982421875
24.05    3.09280514717102    805.302673339844
24.149    3.08685803413391    804.884826660156
24.247    3.09080600738525    805.530029296875
24.345    3.08883190155029    805.302673339844
24.444    3.09080600738525    805.833679199219
24.542    3.09080600738525    806.365234375
24.64    3.08883190155029    806.213623046875
24.739    3.09080600738525    806.440979003906
24.837    3.08883190155029    806.440979003906
24.935    3.0947790145874    806.782592773438
25.034    3.09080600738525    806.934631347656
25.132    3.09280514717102    807.314086914063
25.23    3.09280514717102    807.124633789063
25.329    3.08685803413391    807.162475585938
25.427    3.08685803413391    807.579833984375
25.525    3.09080600738525    807.23828125
25.624    3.08685803413391    807.807739257813
25.722    3.09080600738525    807.655639648438
25.82    3.08883190155029    807.807739257813
25.919    3.09080600738525    808.452941894531
26.017    3.08883190155029    808.4150390625
26.115    3.09080600738525    808.794494628906
26.214    3.09080600738525    808.794494628906
26.312    3.0947790145874    809.022338867188
26.41    3.09080600738525    809.136047363281
26.509    3.08883190155029    809.363891601563
26.607    3.08685803413391    809.2880859375
26.705    3.09080600738525    808.870300292969
26.804    3.08291029930115    809.439697265625
26.902    3.09080600738525    809.136047363281
27    3.09080600738525    809.667541503906
27.099    3.09080600738525    809.553894042969
27.197    3.09280514717102    810.161193847656
27.296    3.09280514717102    810.084899902344
27.394    3.08685803413391    810.084899902344
27.492    3.09280514717102    810.806396484375
27.591    3.09080600738525    810.540649414063
27.689    3.09280514717102    811.072143554688
27.787    3.08685803413391    810.616455078125
27.886    3.09080600738525    811.223754882813
27.984    3.09080600738525    811.14794921875
28.082    3.08488416671753    810.920104980469
28.181    3.09280514717102    811.299560546875
28.279    3.08685803413391    810.995910644531
28.377    3.09080600738525    811.565307617188
28.476    3.08883190155029    811.64111328125
28.574    3.08685803413391    811.527404785156
28.672    3.09080600738525    812.286804199219
28.771    3.08685803413391    812.362609863281
28.869    3.08883190155029    812.552062988281
28.967    3.09080600738525    812.438354492188
29.066    3.09080600738525    813.045715332031
29.164    3.0947790145874    812.742065429688
29.262    3.08488416671753    813.349365234375
29.361    3.09080600738525    813.19775390625
29.459    3.08093619346619    813.0078125
29.557    3.08883190155029    813.539306640625
29.656    3.09080600738525    813.121520996094
29.754    3.09080600738525    813.539306640625
29.852    3.08883190155029    813.501403808594
29.951    3.08291029930115    813.842956542969
30.049    3.08883190155029    814.260314941406
30.147    3.08488416671753    813.994567871094
30.246    3.08488416671753    814.56396484375
30.344    3.09080600738525    814.298217773438
30.442    3.08883190155029    814.791870117188
30.541    3.09080600738525    814.677673339844
30.639    3.08685803413391    814.943420410156
30.737    3.09080600738525    814.981323242188
30.836    3.08685803413391    814.753967285156
30.934    3.09280514717102    815.2470703125
31.032    3.09280514717102    814.86767578125
31.131    3.09080600738525    815.361267089844
31.229    3.08685803413391    815.284973144531
31.327    3.08883190155029    815.74072265625
31.426    3.09080600738525    816.158081054688
31.524    3.09080600738525    815.778625488281
31.622    3.08685803413391    816.234375
31.721    3.09080600738525    816.310119628906
31.819    3.09080600738525    816.841674804688
31.917    3.0947790145874    816.538024902344
32.016    3.08291029930115    817.031127929688
32.114    3.08883190155029    816.803283691406
32.212    3.09280514717102    816.575927734375
32.311    3.08883190155029    817.031127929688
32.409    3.08488416671753    816.689575195313
32.507    3.09080600738525    816.91748046875
32.606    3.08291029930115    816.993225097656
32.704    3.09080600738525    817.259033203125
32.802    3.08883190155029    817.942138671875
32.901    3.08685803413391    817.562683105469
32.999    3.08488416671753    817.904235839844
33.097    3.09280514717102    817.79052734375
33.196    3.09080600738525    818.587341308594
33.294    3.09280514717102    818.435729980469
33.392    3.08685803413391    818.549438476563
33.491    3.09280514717102    818.549438476563
33.589    3.08685803413391    818.207885742188
33.687    3.09280514717102    818.701538085938
33.786    3.09280514717102    818.359985351563
33.884    3.09080600738525    818.587341308594
33.982    3.08883190155029    818.853088378906
34.081    3.09080600738525    819.080993652344
34.179    3.09080600738525    819.498291015625
34.277    3.09280514717102    819.118835449219
34.376    3.08291029930115    819.612487792969
34.474    3.08685803413391    819.346740722656
34.572    3.09080600738525    819.83984375
34.671    3.09675312042236    819.726196289063
34.769    3.08685803413391    820.219787597656
34.867    3.08685803413391    820.067749023438
34.966    3.09080600738525    819.878234863281
35.064    3.08883190155029    820.5234375
35.162    3.08883190155029    819.916137695313
35.261    3.09280514717102    820.371398925781
35.359    3.09280514717102    820.1435546875
35.457    3.09280514717102    820.599243164063
35.556    3.08883190155029    821.092895507813
35.654    3.09080600738525    820.864990234375
35.752    3.09080600738525    821.320251464844
35.851    3.09080600738525    820.8271484375
35.949    3.08488416671753    821.548156738281
36.047    3.08883190155029    821.51025390625
36.146    3.09080600738525    821.661804199219
36.244    3.09280514717102    821.661804199219
36.342    3.08488416671753    821.358154296875
36.441    3.09080600738525    821.813903808594
36.539    3.08883190155029    821.851806640625
36.637    3.08883190155029    821.623901367188
36.736    3.08883190155029    821.889709472656
36.834    3.08685803413391    822.155456542969
36.932    3.08685803413391    822.649047851563
37.031    3.09080600738525    822.345397949219
37.129    3.09080600738525    822.838562011719
37.227    3.08685803413391    822.459106445313
37.326    3.08883190155029    822.914855957031
37.424    3.09280514717102    822.952758789063
37.522    3.08685803413391    823.142211914063
37.621    3.09080600738525    823.180114746094
37.719    3.08883190155029    822.724853515625
37.818    3.09080600738525    823.104309082031
37.916    3.08685803413391    822.952758789063
38.014    3.08685803413391    822.990600585938
38.113    3.09280514717102    823.218505859375
38.211    3.09080600738525    823.407958984375
38.309    3.08685803413391    823.939514160156
38.408    3.09080600738525    823.445861816406
38.506    3.08883190155029    824.205261230469
38.604    3.09280514717102    823.787414550781
38.703    3.08291029930115    824.318969726563
38.801    3.09280514717102    824.205261230469
38.899    3.08685803413391    824.584716796875
38.998    3.09080600738525    824.43310546875
39.096    3.08883190155029    824.053161621094
39.194    3.09280514717102    824.584716796875
39.293    3.08685803413391    824.394714355469
39.391    3.09675312042236    824.394714355469
39.489    3.09080600738525    824.584716796875
39.588    3.09080600738525    824.660522460938
39.686    3.08883190155029    825.154113769531
39.784    3.09080600738525    824.774658203125
39.883    3.09080600738525    825.154113769531
39.981    3.09080600738525    825.078308105469
40.1    -4.84127283096313    409.521789550781
40.199    -4.83535146713257    353.306610107422
40.297    -4.83140325546265    315.235656738281
40.395    -4.83929920196533    288.361663818359
40.494    -4.84127283096313    263.461669921875
40.592    -4.83929920196533    243.040771484375
40.691    -4.83929920196533    223.758728027344
40.789    -4.83535146713257    203.982559204102
40.887    -4.83929920196533    185.232025146484
40.986    -4.83929920196533    165.873687744141
41.084    -4.83929920196533    140.63215637207
41.182    -4.83535146713257    111.36678314209
41.281    -4.83732509613037    74.4346542358398
41.379    -4.83535146713257    18.9409866333008
41.477    -4.83535146713257    -44.4856910705566
41.576    -4.83337736129761    -118.160957336426
41.674    -4.84127283096313    -203.868377685547
41.772    -4.83535146713257    -281.225433349609
41.871    -4.83929920196533    -363.137359619141
41.969    -4.83535146713257    -437.419952392578
42.067    -4.83535146713257    -505.287322998047
42.166    -4.84127283096313    -557.820190429688
42.264    -4.83929920196533    -594.221313476563
42.362    -4.83535146713257    -629.673522949219
42.461    -4.83535146713257    -662.848083496094
42.559    -4.83732509613037    -682.510070800781
42.657    -4.83732509613037    -696.326782226563
42.756    -4.83732509613037    -708.700439453125
42.854    -4.83732509613037    -716.443969726563
42.952    -4.83535146713257    -724.263305664063
43.051    -4.82942962646484    -731.626892089844
43.149    -4.83535146713257    -738.421081542969
43.247    -4.83732509613037    -745.823059082031
43.346    -4.83337736129761    -753.11083984375
43.444    -4.84127283096313    -761.157531738281
43.542    -4.83140325546265    -769.736267089844
43.641    -4.83535146713257    -778.921813964844
43.739    -4.83535146713257    -788.145263671875
43.837    -4.83929920196533    -799.001159667969
43.936    -4.83929920196533    -809.211853027344
44.034    -4.83337736129761    -819.915649414063
44.132    -4.83337736129761    -833.731872558594
44.231    -4.83929920196533    -846.409729003906
44.329    -4.83535146713257    -860.871643066406
44.427    -4.83535146713257    -876.623962402344
44.526    -4.83535146713257    -889.377624511719
44.624    -4.83929920196533    -899.512023925781
44.723    -4.83140325546265    -906.458251953125
44.821    -4.83929920196533    -912.113830566406
44.919    -4.83535146713257    -917.162353515625
45.018    -4.84127283096313    -922.476379394531
45.116    -4.83535146713257    -927.144897460938
45.214    -4.83929920196533    -932.458923339844
45.313    -4.83535146713257    -937.659240722656
45.411    -4.84127283096313    -942.403869628906
45.509    -4.84127283096313    -949.084350585938
45.608    -4.83535146713257    -954.284423828125
45.706    -4.83535146713257    -960.547302246094
45.804    -4.83929920196533    -967.341735839844
45.903    -4.83929920196533    -974.591674804688
46.001    -4.83535146713257    -982.676513671875
46.099    -4.83535146713257    -990.495788574219
46.198    -4.83929920196533    -999.453735351563
46.296    -4.83535146713257    -1009.85388183594
46.394    -4.83535146713257    -1021.05133056641
46.493    -4.83732509613037    -1032.40063476563
46.591    -4.84127283096313    -1044.50903320313
46.689    -4.83535146713257    -1054.15014648438
46.788    -4.83929920196533    -1062.27307128906
46.886    -4.83929920196533    -1071.49658203125
46.984    -4.83929920196533    -1078.29089355469
47.083    -4.83732509613037    -1085.84448242188
47.181    -4.83929920196533    -1093.39807128906
47.279    -4.83929920196533    -1100.83764648438
47.378    -4.84127283096313    -1109.18823242188
47.476    -4.83732509613037    -1117.462890625
47.575    -4.83929920196533    -1125.8134765625
47.673    -4.83929920196533    -1134.69555664063
47.771    -4.83929920196533    -1143.3876953125
47.87    -4.83929920196533    -1151.92810058594
47.968    -4.83732509613037    -1161.75903320313
48.066    -4.83337736129761    -1170.41333007813
48.165    -4.83929920196533    -1179.37121582031
48.263    -4.83732509613037    -1190.30297851563
48.361    -4.83732509613037    -1199.14721679688
48.46    -4.83140325546265    -1209.66125488281
48.558    -4.8432469367981    -1220.3271484375
48.656    -4.83929920196533    -1229.96850585938
48.755    -4.83929920196533    -1242.64611816406
48.853    -4.83535146713257    -1254.94421386719
48.951    -4.83929920196533    -1267.09057617188
49.05    -4.83929920196533    -1280.79333496094
49.148    -4.83535146713257    -1293.77465820313
49.246    -4.83929920196533    -1307.36340332031
49.345    -4.84127283096313    -1321.7490234375
49.443    -4.83929920196533    -1335.6416015625
49.541    -4.83337736129761    -1349.76159667969
49.64    -4.83535146713257    -1366.12133789063
49.738    -4.84524631500244    -1379.748046875
49.836    -4.83732509613037    -1394.02001953125
49.935    -4.8432469367981    -1408.89916992188
50.033    -4.83929920196533    -1423.05725097656
50.131    -4.8432469367981    -1429.2822265625
50.23    -4.84524631500244    -1443.44018554688
50.328    -4.84127283096313    -1460.36926269531
50.426    -4.83535146713257    -1472.62951660156
50.525    -4.84127283096313    -1483.14367675781
50.623    -4.83929920196533    -1490.20361328125
50.721    -4.83535146713257    -1498.36450195313
50.82    -4.83535146713257    -1508.34729003906
50.918    -4.83732509613037    -1514.61022949219
51.017    -4.83732509613037    -1520.83520507813
51.115    -4.84127283096313    -1522.54345703125
51.213    -4.83337736129761    -1524.82092285156
51.312    -4.84127283096313    -1524.85876464844
51.41    -4.83929920196533    -1526.60473632813
51.508    -4.83929920196533    -1528.54052734375
51.607    -4.83140325546265    -1528.23693847656
51.705    -4.83929920196533    -1529.18579101563
51.803    -4.83732509613037    -1530.47644042969
51.902    -4.83929920196533    -1532.07055664063
52    -4.83535146713257    -1528.04724121094
52.098    -4.83929920196533    -1530.02099609375
52.197    -4.83535146713257    -1530.32458496094
52.295    -4.8432469367981    -1530.62829589844
52.393    -4.83535146713257    -1531.61511230469
52.492    -4.83535146713257    -1530.7421875
52.59    -4.83929920196533    -1531.31140136719
52.688    -4.83929920196533    -1530.36254882813
52.787    -4.83535146713257    -1529.64123535156
52.885    -4.83732509613037    -1529.5654296875
52.984    -4.83732509613037    -1529.14794921875
53.082    -4.8432469367981    -1529.79309082031
53.18    -4.83732509613037    -1529.29968261719
53.279    -4.8432469367981    -1529.75524902344
53.377    -4.83535146713257    -1530.28674316406
53.475    -4.84127283096313    -1529.64123535156
53.574    -4.83929920196533    -1529.67944335938
53.672    -4.84524631500244    -1529.10998535156
53.77    -4.83929920196533    -1529.75524902344
53.869    -4.84127283096313    -1529.18579101563
53.967    -4.83535146713257    -1529.60339355469
54.065    -4.83929920196533    -1528.73034667969
54.164    -4.83929920196533    -1528.1611328125
54.262    -4.84127283096313    -1528.31298828125
54.36    -4.83140325546265    -1527.857421875
54.459    -4.8432469367981    -1528.00927734375
54.557    -4.83929920196533    -1527.515625
54.655    -4.83929920196533    -1527.515625
54.754    -4.82942962646484    -1527.40197753906
54.852    -4.83929920196533    -1522.0498046875
54.95    -4.83535146713257    -1524.47912597656
55.049    -4.83929920196533    -1524.630859375
55.147    -4.83535146713257    -1525.39001464844
55.246    -4.8432469367981    -1525.54187011719
55.344    -4.83732509613037    -1526.14916992188
55.442    -4.8432469367981    -1525.50402832031
55.541    -4.83929920196533    -1525.46606445313
55.639    -4.83929920196533    -1525.16247558594
55.737    -4.83929920196533    -1524.82092285156
55.836    -4.84524631500244    -1524.82092285156
55.934    -4.83535146713257    -1524.47912597656
56.032    -4.84127283096313    -1524.66906738281
56.131    -4.83535146713257    -1524.630859375
56.229    -4.83929920196533    -1524.099609375
56.327    -4.84127283096313    -1524.25146484375
56.426    -4.83535146713257    -1523.79602050781
56.524    -4.84127283096313    -1523.98571777344
56.622    -4.83929920196533    -1523.37841796875
56.721    -4.84127283096313    -1523.83386230469
56.819    -4.83535146713257    -1523.18859863281
56.917    -4.83929920196533    -1522.61926269531
57.016    -4.83929920196533    -1522.3916015625
57.114    -4.83535146713257    -1522.3916015625
57.212    -4.83929920196533    -1522.20166015625
57.311    -4.83732509613037    -1521.93615722656
57.409    -4.84127283096313    -1522.08801269531
57.507    -4.83337736129761    -1522.16369628906
57.606    -4.8432469367981    -1521.48059082031
57.704    -4.83929920196533    -1521.89794921875
57.802    -4.83929920196533    -1521.40466308594
57.901    -4.83535146713257    -1521.40466308594
57.999    -4.8432469367981    -1521.02514648438
58.098    -4.83140325546265    -1520.98706054688
58.196    -4.83732509613037    -1520.49365234375
58.294    -4.83929920196533    -1520.15209960938
58.393    -4.83929920196533    -1520.22790527344
58.491    -4.83535146713257    -1519.81030273438
58.589    -4.83929920196533    -1519.88635253906
58.688    -4.83140325546265    -1519.58264160156
58.786    -4.84127283096313    -1519.69653320313
58.884    -4.83929920196533    -1519.96215820313
58.983    -4.83929920196533    -1519.39294433594
59.081    -4.83732509613037    -1519.65844726563
59.179    -4.8432469367981    -1519.01318359375
59.278    -4.83929920196533    -1519.12719726563
59.376    -4.83535146713257    -1518.595703125
59.474    -4.82942962646484    -1518.67163085938
59.573    -4.84127283096313    -1518.2919921875
59.671    -4.83929920196533    -1517.83654785156
59.769    -4.83929920196533    -1518.25415039063
59.868    -4.83535146713257    -1517.7607421875
59.966    -4.83929920196533    -1517.7607421875
60.063    -4.83929920196533    -1517.45703125
60.162    -4.83929920196533    -1517.60888671875
60.26    -4.83732509613037    -1517.64672851563
60.359    -4.83535146713257    -1517.11547851563
60.457    -4.8432469367981    -1517.45703125
60.555    -4.84127283096313    -1517.00158691406
60.654    -4.83140325546265    -1517.26733398438
60.752    -4.83732509613037    -1516.96362304688
60.85    -4.83140325546265    -1517.07739257813
60.949    -4.83929920196533    -1516.73583984375
61.047    -4.83535146713257    -1516.31823730469
61.145    -4.83929920196533    -1516.2802734375
61.244    -4.8432469367981    -1516.052734375
61.342    -4.83929920196533    -1516.052734375
61.44    -4.83929920196533    -1515.7109375
61.539    -4.83535146713257    -1515.7490234375
61.637    -4.84127283096313    -1515.86267089844
61.735    -4.83929920196533    -1515.55908203125
61.834    -4.84127283096313    -1515.7109375
61.932    -4.83732509613037    -1515.4072265625
62.03    -4.83929920196533    -1515.63513183594
62.129    -4.83929920196533    -1515.21752929688
62.227    -4.83535146713257    -1515.33142089844
62.326    -4.84127283096313    -1514.83801269531
62.424    -4.83732509613037    -1514.572265625
62.522    -4.84127283096313    -1514.49621582031
62.621    -4.83732509613037    -1514.26867675781
62.719    -4.83732509613037    -1514.42041015625
62.817    -4.83535146713257    -1514.0029296875
62.916    -4.84127283096313    -1514.11682128906
63.014    -4.83140325546265    -1514.26867675781
63.112    -4.83929920196533    -1513.69921875
63.211    -4.84127283096313    -1514.26867675781
63.309    -4.84127283096313    -1513.43347167969
63.407    -4.83140325546265    -1513.77526855469
63.506    -4.83732509613037    -1513.47155761719
63.604    -4.83535146713257    -1513.85107421875
63.702    -4.83929920196533    -1513.47155761719
63.801    -4.83732509613037    -1512.48461914063
63.899    -4.83535146713257    -1512.78820800781
63.997    -4.83929920196533    -1512.48461914063
64.096    -4.84127283096313    -1512.75036621094
64.194    -4.83535146713257    -1512.02905273438
64.292    -4.83929920196533    -1512.5224609375
64.391    -4.84127283096313    -1512.75036621094
64.489    -4.83535146713257    -1511.9912109375
64.588    -4.84127283096313    -1512.37060546875
64.686    -4.84127283096313    -1512.06701660156
64.784    -4.83535146713257    -1512.10510253906
64.883    -4.83929920196533    -1511.6875
64.981    -4.83535146713257    -1511.83935546875
65.079    -4.83535146713257    -1511.6875
65.178    -4.8432469367981    -1510.96630859375
65.276    -4.83535146713257    -1510.85241699219
65.374    -4.83929920196533    -1510.32104492188
65.473    -4.83732509613037    -1510.85241699219
65.571    -4.83929920196533    -1510.47290039063
65.669    -4.8432469367981    -1510.47290039063
65.768    -4.83929920196533    -1511.04235839844
65.866    -4.84127283096313    -1510.32104492188
65.964    -4.83535146713257    -1510.89050292969
66.063    -4.83535146713257    -1510.05529785156
66.161    -4.83535146713257    -1510.35900878906
66.259    -4.83929920196533    -1510.283203125
66.358    -4.83535146713257    -1510.05529785156
66.456    -4.84127283096313    -1510.13134765625
66.554    -4.83929920196533    -1509.67590332031
66.653    -4.84524631500244    -1509.6376953125
66.751    -4.84127283096313    -1509.18225097656
66.849    -4.83929920196533    -1509.59985351563
66.948    -4.83732509613037    -1509.03039550781
67.046    -4.84127283096313    -1509.06860351563
67.144    -4.82942962646484    -1509.44799804688
67.243    -4.84721994400024    -1509.06860351563
67.341    -4.83535146713257    -1509.14428710938
67.439    -4.84127283096313    -1508.802734375
67.538    -4.83929920196533    -1509.1064453125
67.636    -4.83732509613037    -1508.87854003906
67.734    -4.83732509613037    -1508.84069824219
67.833    -4.83929920196533    -1508.42309570313
67.931    -4.83929920196533    -1507.77783203125
68.029    -4.83535146713257    -1508.34729003906
68.128    -4.83535146713257    -1507.89184570313
68.226    -4.84127283096313    -1507.89184570313
68.325    -4.83929920196533    -1507.62609863281
68.423    -4.84127283096313    -1507.81579589844
68.521    -4.83929920196533    -1508.04370117188
68.62    -4.84524631500244    -1509.18225097656
68.718    -4.83929920196533    -1503.45092773438
68.816    -4.83929920196533    -1505.69018554688
68.915    -4.83732509613037    -1504.66552734375
69.013    -4.83732509613037    -1501.9326171875
69.111    -4.83732509613037    -1501.55285644531
69.21    -4.83929920196533    -1500.07250976563
69.308    -4.83929920196533    -1498.93383789063
69.406    -4.8432469367981    -1500.64196777344
69.505    -4.84127283096313    -1498.66809082031
69.603    -4.84127283096313    -1498.93383789063
69.701    -4.83535146713257    -1497.98498535156
69.8    -4.84127283096313    -1498.55419921875
69.898    -4.8432469367981    -1498.59228515625
69.996    -4.84524631500244    -1498.44055175781
70.095    -4.83929920196533    -1498.13684082031
70.193    -4.83732509613037    -1498.09875488281
70.291    -4.84127283096313    -1498.44055175781
70.39    -4.84127283096313    -1498.13684082031
70.488    -4.83535146713257    -1498.47839355469
70.586    -4.83929920196533    -1498.32653808594
70.685    -4.83929920196533    -1498.13684082031
70.783    -4.84127283096313    -1498.32653808594
70.881    -4.83535146713257    -1497.75720214844
70.98    -4.83337736129761    -1498.13684082031
71.078    -4.83535146713257    -1497.71923828125
71.177    -4.83535146713257    -1497.71923828125
71.275    -4.83929920196533    -1497.14990234375
71.373    -4.83732509613037    -1497.18774414063
71.472    -4.83929920196533    -1497.49145507813
71.57    -4.84127283096313    -1496.92224121094
71.668    -4.83535146713257    -1497.37768554688
71.767    -4.83929920196533    -1497.26379394531
71.865    -4.83929920196533    -1497.03588867188
71.963    -4.83732509613037    -1497.07409667969
72.062    -4.83535146713257    -1496.73229980469
72.16    -4.83732509613037    -1496.92224121094
72.258    -4.83929920196533    -1496.50463867188
72.357    -4.83929920196533    -1496.35278320313
72.455    -4.84127283096313    -1496.42858886719
72.553    -4.83535146713257    -1496.27673339844
72.652    -4.84127283096313    -1496.73229980469
72.75    -4.83929920196533    -1496.35278320313
72.848    -4.83732509613037    -1496.73229980469
72.947    -4.84127283096313    -1496.50463867188
73.045    -4.8432469367981    -1496.998046875
73.143    -4.83929920196533    -1496.50463867188
73.242    -4.84127283096313    -1497.07409667969
73.34    -4.83929920196533    -1498.13684082031
73.438    -4.83535146713257    -1498.25048828125
73.537    -4.84127283096313    -1499.80700683594
73.635    -4.84127283096313    -1500.14855957031
73.733    -4.83535146713257    -1500.83166503906
73.832    -4.84524631500244    -1499.23754882813
73.93    -4.84127283096313    -1500.49011230469
74.029    -4.83929920196533    -1499.0478515625
74.127    -4.83140325546265    -1497.30163574219
74.225    -4.84127283096313    -1499.275390625
74.324    -4.83535146713257    -1497.83325195313
74.422    -4.84721994400024    -1498.06079101563
74.52    -4.83929920196533    -1498.7060546875
74.619    -4.84127283096313    -1498.36450195313
74.717    -4.83535146713257    -1498.13684082031
74.815    -4.84127283096313    -1497.30163574219
74.914    -4.84524631500244    -1496.61853027344
75.012    -4.84127283096313    -1497.07409667969
75.11    -4.83535146713257    -1497.49145507813
75.209    -4.83535146713257    -1497.49145507813
75.307    -4.84524631500244    -1497.5673828125
75.405    -4.83929920196533    -1497.49145507813
75.504    -4.84127283096313    -1497.64318847656
75.602    -4.83535146713257    -1497.71923828125
75.7    -4.84721994400024    -1497.5673828125
75.799    -4.84127283096313    -1497.60534667969
75.897    -4.84524631500244    -1497.68139648438
75.995    -4.83732509613037    -1497.60534667969
76.094    -4.83929920196533    -1497.90893554688
76.192    -4.83929920196533    -1497.26379394531
76.29    -4.83929920196533    -1497.45349121094
76.389    -4.83732509613037    -1496.58044433594
76.487    -4.83140325546265    -1497.30163574219
76.585    -4.8432469367981    -1497.07409667969
76.684    -4.83535146713257    -1496.61853027344
76.782    -4.84127283096313    -1496.80822753906
76.881    -4.83929920196533    -1497.18774414063
76.979    -4.83732509613037    -1497.18774414063
77.077    -4.84524631500244    -1496.61853027344
77.176    -4.84127283096313    -1497.18774414063
77.274    -4.83337736129761    -1497.37768554688
77.372    -4.83732509613037    -1496.58044433594
77.471    -4.83535146713257    -1497.18774414063
77.569    -4.83535146713257    -1496.27673339844
77.667    -4.84524631500244    -1496.77038574219
77.766    -4.8432469367981    -1496.04919433594
77.864    -4.83535146713257    -1495.36584472656
77.962    -4.84524631500244    -1496.73229980469
78.061    -4.83535146713257    -1496.12487792969
78.159    -4.83535146713257    -1494.22717285156
78.257    -4.83732509613037    -1496.42858886719
78.356    -4.84127283096313    -1496.35278320313
78.454    -4.83929920196533    -1494.72058105469
78.552    -4.84127283096313    -1495.859375
78.651    -4.83732509613037    -1496.04919433594
78.749    -4.83535146713257    -1495.74548339844
78.847    -4.83929920196533    -1495.93518066406
78.946    -4.84127283096313    -1495.25207519531
79.044    -4.83535146713257    -1495.63159179688
79.142    -4.83732509613037    -1494.79663085938
79.241    -4.83535146713257    -1494.64477539063
79.339    -4.84127283096313    -1495.21398925781
79.437    -4.82942962646484    -1495.8212890625
79.536    -4.83140325546265    -1494.79663085938
79.634    -4.83140325546265    -1494.53088378906
79.732    -4.83535146713257    -1495.70764160156
79.831    -4.83929920196533    -1495.02429199219
79.929    -4.83732509613037    -1494.94848632813
