sec"   "mA"   "mV
0.193    20.3310699462891    789.398254394531
0.331    19.7933025360107    789.018798828125
0.468    18.7691612243652    789.398254394531
0.606    18.3440837860107    789.284545898438
0.743    18.0040378570557    789.094604492188
0.881    17.4702167510986    789.3603515625
1.019    17.3001804351807    789.436157226563
1.156    16.8810482025146    789.322448730469
1.294    16.608190536499    789.246643066406
1.431    16.4816570281982    789.246643066406
1.569    16.0803165435791    789.17041015625
1.706    16.0605525970459    789.094604492188
1.844    15.6651344299316    789.474060058594
1.981    15.4575433731079    788.942993164063
2.119    14.9869890213013    789.512451171875
2.256    14.8110313415527    789.398254394531
2.394    14.5342254638672    789.246643066406
2.531    14.2337074279785    788.942993164063
2.669    14.1981258392334    789.132507324219
2.806    13.8798179626465    789.322448730469
2.944    13.9055042266846    789.246643066406
3.082    13.6662788391113    789.398254394531
3.219    13.4369487762451    789.322448730469
3.357    13.3381004333496    789.094604492188
3.494    12.9663944244385    789.512451171875
3.632    12.909049987793    789.474060058594
3.769    12.6658773422241    789.398254394531
3.907    12.5037612915039    789.398254394531
4.044    12.5334215164185    789.246643066406
4.182    12.2902231216431    789.398254394531
4.319    12.3890972137451    789.474060058594
4.457    12.1913747787476    789.246643066406
4.594    12.1202125549316    789.17041015625
4.732    12.0608930587769    789.246643066406
4.869    11.7544279098511    789.474060058594
5.007    11.7623491287231    789.512451171875
5.144    11.5448627471924    789.094604492188
5.282    11.4638051986694    789.132507324219
5.42    11.5092811584473    789.246643066406
5.557    11.3372716903687    789.208251953125
5.695    11.5171775817871    789.284545898438
5.832    11.3352975845337    789.474060058594
5.97    11.3333234786987    789.246643066406
6.107    11.3254022598267    789.018798828125
6.245    11.0703611373901    789.322448730469
6.382    11.1079158782959    789.284545898438
6.52    10.9102191925049    789.436157226563
6.657    11.0407009124756    789.322448730469
6.795    10.8884811401367    789.436157226563
6.932    11.0169887542725    789.436157226563
7.07    10.9635915756226    789.094604492188
7.208    10.8291616439819    789.322448730469
7.345    10.8726644515991    789.094604492188
7.483    10.6057538986206    789.17041015625
7.62    10.667046546936    789.284545898438
7.758    10.5642251968384    789.17041015625
7.895    10.4871158599854    789.246643066406
8.033    10.6077280044556    789.474060058594
8.17    10.4554824829102    789.322448730469
8.308    10.6492309570313    789.132507324219
8.445    10.5839900970459    789.17041015625
8.583    10.4950370788574    789.322448730469
8.72    10.5306177139282    789.094604492188
8.858    10.3131313323975    789.322448730469
8.995    10.3981618881226    789.474060058594
9.133    10.2360219955444    789.208251953125
9.27    10.1885719299316    789.056701660156
9.408    10.3072099685669    789.284545898438
9.545    10.1609115600586    789.018798828125
9.683    10.3941888809204    789.132507324219
9.821    10.2459163665771    789.55029296875
9.958    10.3230266571045    789.284545898438
10.096    10.3289480209351    789.094604492188
10.233    10.1035661697388    789.246643066406
10.371    10.2103357315063    789.208251953125
10.508    9.99679660797119    788.980895996094
10.646    10.0066919326782    789.284545898438
10.783    10.0580902099609    789.512451171875
10.921    9.965163230896    789.208251953125
11.058    10.1510162353516    789.246643066406
11.196    10.0699586868286    789.55029296875
11.333    10.1253051757813    789.322448730469
11.471    9.88410568237305    789.018798828125
11.608    9.965163230896    789.322448730469
11.746    9.89002799987793    789.284545898438
11.883    9.85049819946289    789.284545898438
12.021    10.0027437210083    789.398254394531
12.158    9.89992237091064    789.17041015625
12.296    10.056116104126    789.284545898438
12.433    9.97703266143799    789.3603515625
12.571    9.93747806549072    789.512451171875
12.708    9.9869270324707    789.056701660156
12.846    9.74175548553467    789.3603515625
12.984    9.87223720550537    789.3603515625
13.121    9.74372959136963    789.208251953125
13.259    9.70617389678955    789.17041015625
13.396    9.83270740509033    789.436157226563
13.534    9.73780727386475    789.322448730469
13.671    9.93947696685791    789.246643066406
13.809    9.83665561676025    789.246643066406
13.946    9.84060382843018    789.094604492188
14.084    9.89597511291504    789.17041015625
14.221    9.65277671813965    789.3603515625
14.359    9.77931022644043    789.436157226563
14.496    9.61916923522949    789.132507324219
14.634    9.62314224243164    789.284545898438
14.771    9.71406936645508    789.322448730469
14.909    9.60532665252686    789.094604492188
15.046    9.84655094146729    788.942993164063
15.184    9.73386001586914    789.436157226563
15.322    9.7714147567749    789.436157226563
15.459    9.56777095794678    789.17041015625
15.597    9.61522102355957    789.588195800781
15.734    9.59150886535645    789.246643066406
15.872    9.51637268066406    789.018798828125
16.009    9.74175548553467    789.246643066406
16.147    9.60732555389404    789.55029296875
16.284    9.74767684936523    789.17041015625
16.422    9.75954627990723    789.284545898438
16.559    9.63895893096924    789.436157226563
16.697    9.70617389678955    789.17041015625
16.834    9.47484493255615    789.132507324219
16.972    9.57766628265381    789.322448730469
17.109    9.48079204559326    789.474060058594
17.247    9.44715881347656    789.208251953125
17.384    9.63696002960205    789.436157226563
17.522    9.53219032287598    789.208251953125
17.659    9.69430541992188    789.246643066406
17.797    9.68838310241699    789.3603515625
17.934    9.62906455993652    789.246643066406
18.072    9.67651462554932    789.17041015625
18.21    9.40762996673584    789.436157226563
18.347    9.56184959411621    789.284545898438
18.485    9.40368175506592    789.132507324219
18.622    9.3937873840332    789.322448730469
18.76    9.54205989837646    789.398254394531
18.897    9.43334197998047    789.17041015625
19.035    9.63103771209717    788.86669921875
19.172    9.56184959411621    789.322448730469
19.31    9.58358764648438    789.284545898438
19.447    9.6409330368042    789.208251953125
19.585    9.40565586090088    789.474060058594
19.722    9.4254207611084    789.512451171875
19.86    9.36610126495361    789.094604492188
19.997    9.60137844085693    789.246643066406
20.135    9.47089672088623    789.398254394531
20.272    9.55987548828125    789.322448730469
20.41    9.60732555389404    789.246643066406
20.547    9.46694946289063    789.398254394531
20.685    9.5400857925415    789.398254394531
20.822    9.35425758361816    789.246643066406
20.96    9.38786506652832    789.17041015625
21.098    9.40368175506592    789.55029296875
21.235    9.32854652404785    788.828857421875
21.373    9.52824211120605    789.17041015625
21.51    9.39576148986816    789.474060058594
21.648    9.55392837524414    788.942993164063
21.785    9.55195426940918    789.208251953125
21.923    9.41157817840576    789.322448730469
22.06    9.49263572692871    789.246643066406
22.198    9.2791223526001    789.512451171875
22.335    9.35623168945313    789.322448730469
22.473    9.35028457641602    789.398254394531
22.61    9.2830696105957    789.056701660156
22.748    9.48276615142822    789.322448730469
22.885    9.33052062988281    789.55029296875
23.023    9.51834678649902    789.284545898438
23.16    9.51439952850342    788.828857421875
23.298    9.41949844360352    789.284545898438
23.435    9.48671340942383    789.17041015625
23.573    9.25935745239258    789.018798828125
23.71    9.31865119934082    789.322448730469
23.848    9.28899192810059    789.17041015625
23.986    9.46694946289063    789.246643066406
24.123    9.41552543640137    789.474060058594
24.261    9.40565586090088    789.284545898438
24.398    9.49858283996582    788.980895996094
24.536    9.2791223526001    789.322448730469
24.673    9.41157817840576    789.474060058594
24.811    9.21980285644531    789.322448730469
24.948    9.22177696228027    789.246643066406
25.086    9.30680751800537    789.512451171875
25.223    9.2633056640625    789.246643066406
25.361    9.44715881347656    788.904602050781
25.498    9.33844089508057    789.3603515625
25.636    9.42739486694336    789.322448730469
25.773    9.46694946289063    789.208251953125
25.911    9.27714824676514    789.284545898438
26.048    9.38589096069336    789.246643066406
26.186    9.18224811553955    789.17041015625
26.323    9.24551486968994    789.322448730469
26.461    9.30283451080322    789.512451171875
26.598    9.21980285644531    789.3603515625
26.736    9.41752529144287    789.322448730469
26.873    9.31075572967529    789.322448730469
27.011    9.41552543640137    789.246643066406
27.149    9.43134212493896    789.018798828125
27.286    9.26527976989746    789.436157226563
27.424    9.38389205932617    789.322448730469
27.561    9.1684045791626    789.246643066406
27.699    9.2099084854126    789.094604492188
27.836    9.2474889755249    789.322448730469
27.974    9.1842212677002    789.246643066406
28.111    9.39576148986816    789.474060058594
28.249    9.2830696105957    789.474060058594
28.386    9.38589096069336    789.17041015625
28.524    9.13874530792236    789.094604492188
28.661    9.27317523956299    789.398254394531
28.799    9.1782751083374    789.322448730469
28.936    9.14664077758789    788.942993164063
29.074    9.3147029876709    789.436157226563
29.211    9.21585559844971    789.246643066406
29.349    9.36017990112305    789.018798828125
29.486    9.37204837799072    789.398254394531
29.624    9.30086040496826    789.284545898438
29.761    9.38389205932617    789.246643066406
29.899    9.12292861938477    789.284545898438
30.036    9.24946212768555    789.3603515625
30.174    9.15061473846436    789.474060058594
30.311    9.1328239440918    789.3603515625
30.449    9.31272983551025    789.208251953125
30.586    9.19609069824219    789.322448730469
30.724    9.38389205932617    789.17041015625
30.862    9.33052062988281    789.17041015625
30.999    9.28701782226563    789.55029296875
31.137    9.36610126495361    789.322448730469
31.274    9.11898040771484    789.284545898438
31.412    9.23956775665283    789.322448730469
31.549    9.14864063262939    789.284545898438
31.687    9.1170072555542    789.208251953125
31.824    9.22969818115234    789.436157226563
31.962    9.16245746612549    789.398254394531
32.099    9.36610126495361    789.208251953125
32.237    9.16643142700195    789.474060058594
32.374    9.25735855102539    789.322448730469
32.512    9.09721660614014    789.094604492188
32.649    9.16048431396484    789.398254394531
32.787    9.19014358520508    789.55029296875
32.924    9.11106014251709    789.094604492188
33.062    9.33249378204346    789.132507324219
33.199    9.22772407531738    789.55029296875
33.337    9.34436321258545    789.208251953125
33.474    9.36610126495361    789.018798828125
33.612    9.16643142700195    789.094604492188
33.749    9.27714824676514    789.3603515625
33.887    9.09326934814453    789.17041015625
34.024    9.18619537353516    789.398254394531
34.162    9.16048431396484    789.55029296875
34.299    9.09326934814453    789.208251953125
34.437    9.30680751800537    789.17041015625
34.574    9.1842212677002    789.322448730469
34.712    9.28701782226563    789.17041015625
34.85    9.34041500091553    789.246643066406
34.987    9.18816947937012    789.398254394531
35.125    9.28701782226563    789.17041015625
35.262    9.0477933883667    789.246643066406
35.4    9.12490272521973    789.322448730469
35.537    9.10316371917725    789.208251953125
35.675    9.05768775939941    788.86669921875
35.812    9.25935745239258    789.17041015625
35.95    9.14466762542725    789.3603515625
36.087    9.29099082946777    789.398254394531
36.225    9.30680751800537    789.246643066406
36.362    9.19211769104004    789.512451171875
36.5    9.05966186523438    789.17041015625
36.637    9.04384517669678    789.3603515625
36.775    9.20003890991211    789.3603515625
36.912    9.10513782501221    789.322448730469
37.05    9.29691314697266    789.132507324219
37.187    9.26133155822754    789.588195800781
37.325    9.25538444519043    789.436157226563
37.462    9.34041500091553    789.208251953125
37.6    9.09326934814453    789.3603515625
37.737    9.19806480407715    789.55029296875
37.875    9.06955718994141    789.322448730469
38.012    9.03792285919189    789.17041015625
38.15    9.18224811553955    789.474060058594
38.287    9.08139991760254    789.474060058594
38.425    9.31272983551025    789.018798828125
38.562    9.23364543914795    789.17041015625
38.7    9.2257251739502    789.436157226563
38.838    9.2988862991333    789.246643066406
38.975    9.05768775939941    789.17041015625
39.113    9.18816947937012    789.474060058594
39.25    9.04187107086182    789.208251953125
39.388    9.02010726928711    789.094604492188
39.525    9.152587890625    789.474060058594
39.663    9.07547855377197    789.246643066406
39.8    9.29296493530273    789.246643066406
39.938    9.18816947937012    789.17041015625
40.075    9.21980285644531    789.3603515625
40.213    9.27317523956299    789.208251953125
40.35    9.06163597106934    789.474060058594
40.488    9.07942676544189    789.284545898438
40.625    9.03592395782471    789.208251953125
40.763    9.25341033935547    789.322448730469
40.9    9.12490272521973    789.322448730469
41.038    9.23759365081787    789.55029296875
41.175    9.27517414093018    789.284545898438
41.313    9.1209545135498    789.284545898438
41.45    9.2257251739502    789.246643066406
41.588    8.99244689941406    789.322448730469
41.725    9.07745265960693    789.246643066406
41.863    9.07547855377197    789.474060058594
42    8.99639511108398    789.17041015625
42.138    9.19014358520508    789.17041015625
42.275    9.12292861938477    789.474060058594
42.413    9.24354076385498    789.17041015625
42.551    9.25538444519043    789.094604492188
42.688    9.12490272521973    789.398254394531
42.826    9.20398616790771    789.246643066406
42.963    8.98255252838135    789.398254394531
43.101    9.05768775939941    789.246643066406
43.238    9.03792285919189    789.246643066406
43.376    9.00826358795166    789.322448730469
43.513    9.1842212677002    789.436157226563
43.651    9.07547855377197    789.17041015625
43.788    9.23759365081787    789.17041015625
43.926    9.23364543914795    789.094604492188
44.063    9.12885093688965    789.436157226563
44.201    9.22772407531738    789.246643066406
44.338    8.97663021087646    789.094604492188
44.476    9.06558322906494    789.474060058594
44.613    9.03000259399414    789.588195800781
44.751    9.25143623352051    788.904602050781
44.888    9.18816947937012    789.246643066406
45.026    9.16048431396484    789.474060058594
45.163    9.19609069824219    789.246643066406
45.301    8.9904727935791    789.3603515625
45.438    9.12687683105469    789.626098632813
45.576    8.97663021087646    789.474060058594
45.713    8.92720603942871    789.474060058594
45.851    9.13479804992676    789.55029296875
45.988    9.00429058074951    789.094604492188
46.126    9.20398616790771    789.094604492188
46.264    9.16245746612549    789.322448730469
46.401    9.15851020812988    789.436157226563
46.539    9.20003890991211    789.246643066406
46.676    8.98649978637695    789.284545898438
46.814    9.08932113647461    789.436157226563
46.951    8.97860431671143    789.208251953125
47.089    8.96870899200439    789.094604492188
47.226    9.09721660614014    789.246643066406
47.364    9.02605438232422    789.322448730469
47.501    9.20201206207275    789.17041015625
47.639    9.19014358520508    789.322448730469
47.776    9.10711193084717    789.55029296875
47.914    9.19014358520508    789.094604492188
48.051    8.94894504547119    789.398254394531
48.189    9.09129524230957    789.398254394531
48.326    8.95883941650391    789.17041015625
48.464    8.94499683380127    789.284545898438
48.601    9.10908603668213    789.55029296875
48.739    9.1367712020874    789.246643066406
48.876    9.21190738677979    789.094604492188
49.014    8.99639511108398    789.398254394531
49.152    9.15653610229492    789.322448730469
49.289    8.93904972076416    789.018798828125
49.427    8.96870899200439    789.436157226563
49.564    9.01418590545654    789.474060058594
49.702    8.95486640930176    789.512451171875
49.839    9.17235279083252    789.018798828125
49.977    9.10316371917725    789.436157226563
50.114    9.16643142700195    789.17041015625
50.252    9.19806480407715    789.132507324219
50.389    9.00826358795166    789.322448730469
50.527    9.12292861938477    789.208251953125
50.664    8.93312835693359    789.056701660156
50.802    8.94302272796631    789.322448730469
50.939    9.02010726928711    789.664001464844
51.077    8.96476173400879    789.132507324219
51.214    9.18619537353516    789.246643066406
51.352    9.085373878479    789.55029296875
51.489    9.15851020812988    789.3603515625
51.627    9.18224811553955    789.322448730469
51.764    8.97265720367432    789.398254394531
51.902    9.09129524230957    789.474060058594
52.039    8.9212589263916    789.474060058594
52.177    8.94894504547119    789.284545898438
52.314    8.98847389221191    789.3603515625
52.452    8.917311668396    789.3603515625
52.59    9.15061473846436    789.246643066406
52.727    9.03000259399414    789.55029296875
52.865    9.14864063262939    789.132507324219
53.002    8.89952087402344    789.322448730469
53.14    8.96673488616943    789.474060058594
53.277    8.96081352233887    789.246643066406
53.415    8.905442237854    789.208251953125
53.552    9.1150074005127    789.17041015625
53.69    8.99836921691895    789.55029296875
53.827    9.15653610229492    789.018798828125
53.965    9.15653610229492    789.398254394531
54.102    9.04976654052734    789.55029296875
54.24    9.14466762542725    789.322448730469
54.377    8.89557266235352    789.284545898438
54.515    9.00429058074951    789.246643066406
54.652    8.95486640930176    789.17041015625
54.79    8.87380886077881    789.208251953125
54.927    9.1011905670166    789.322448730469
55.065    8.99836921691895    789.398254394531
55.202    9.1367712020874    789.322448730469
55.34    9.15061473846436    789.246643066406
55.477    8.98847389221191    789.322448730469
55.615    9.11303424835205    789.474060058594
55.752    8.88567733764648    789.246643066406
55.89    8.95883941650391    789.588195800781
56.027    8.95883941650391    789.588195800781
56.165    8.88962554931641    789.018798828125
56.302    9.12490272521973    789.626098632813
56.44    9.00231647491455    789.284545898438
56.578    9.12490272521973    789.132507324219
56.715    9.13479804992676    789.284545898438
56.853    8.9746561050415    789.436157226563
56.99    9.06163597106934    789.398254394531
57.128    8.88567733764648    789.246643066406
57.265    9.05966186523438    789.3603515625
57.403    8.93312835693359    789.626098632813
57.54    9.13479804992676    789.018798828125
57.678    9.08932113647461    789.284545898438
57.815    9.03000259399414    789.436157226563
57.953    9.11898040771484    789.3603515625
58.09    8.905442237854    789.322448730469
58.228    8.9746561050415    789.474060058594
58.365    8.92323303222656    789.17041015625
58.503    8.87183475494385    789.132507324219
58.64    9.05966186523438    789.398254394531
58.778    8.94102382659912    789.512451171875
58.915    9.12292861938477    789.284545898438
59.053    9.10908603668213    789.094604492188
59.19    9.02605438232422    789.436157226563
59.328    9.1011905670166    789.246643066406
59.465    8.85009670257568    789.284545898438
59.603    8.96673488616943    789.322448730469
59.74    8.89952087402344    789.132507324219
59.878    8.84414958953857    789.246643066406
60.015    9.03792285919189    789.398254394531
60.152    8.94894504547119    789.246643066406
60.29    9.10711193084717    789.132507324219
60.427    9.10908603668213    789.322448730469
60.565    8.98649978637695    789.208251953125
60.702    9.08734703063965    789.322448730469
60.84    8.86393928527832    789.322448730469
60.977    8.9370756149292    789.474060058594
61.115    8.89952087402344    789.474060058594
61.252    9.09721660614014    789.132507324219
61.39    9.03792285919189    789.17041015625
61.527    9.04187107086182    789.17041015625
61.665    9.09129524230957    789.018798828125
61.802    8.88173007965088    789.3603515625
61.94    8.98057842254639    789.3603515625
62.077    8.85996627807617    789.322448730469
62.215    8.84020137786865    789.739807128906
62.352    8.96673488616943    789.474060058594
62.49    8.86591339111328    789.322448730469
62.627    9.11303424835205    789.17041015625
62.765    9.03592395782471    789.094604492188
62.902    9.02010726928711    789.398254394531
63.04    9.07350444793701    789.018798828125
63.177    8.87775707244873    789.398254394531
63.315    8.98847389221191    789.17041015625
63.453    8.85799217224121    789.246643066406
63.59    8.84414958953857    789.322448730469
63.728    8.99244689941406    789.398254394531
63.865    8.89357376098633    789.3603515625
64.003    9.09524345397949    789.132507324219
64.14    9.07350444793701    789.588195800781
64.278    9.01221179962158    789.588195800781
64.415    9.09524345397949    789.17041015625
64.553    8.85009670257568    789.436157226563
64.69    8.94302272796631    789.474060058594
64.828    8.84812259674072    789.322448730469
64.965    8.83625316619873    789.094604492188
65.103    8.99244689941406    789.436157226563
65.24    8.87578296661377    789.3603515625
65.378    9.0991907119751    789.284545898438
65.515    8.85601806640625    789.322448730469
65.653    8.96476173400879    789.398254394531
65.79    8.8065938949585    789.094604492188
65.928    8.81448936462402    789.246643066406
66.065    8.90346813201904    789.55029296875
66.203    8.85009670257568    789.436157226563
66.34    9.07745265960693    789.322448730469
66.478    8.98255252838135    789.55029296875
66.616    9.0062894821167    789.398254394531
66.753    9.06955718994141    789.094604492188
66.891    8.86986064910889    789.284545898438
67.028    8.99244689941406    789.3603515625
67.166    8.82438468933105    789.094604492188
67.303    8.80067253112793    789.17041015625
67.441    8.93115425109863    789.398254394531
67.578    8.85601806640625    789.056701660156
67.716    9.05966186523438    789.208251953125
67.853    8.97663021087646    789.474060058594
67.991    8.98649978637695    789.246643066406
68.128    9.06558322906494    789.018798828125
68.266    8.86591339111328    789.208251953125
68.403    8.99442100524902    789.322448730469
68.541    8.81054210662842    789.17041015625
68.678    8.81648921966553    789.322448730469
68.816    8.93312835693359    789.398254394531
68.953    8.85009670257568    789.094604492188
69.091    9.0477933883667    789.246643066406
69.228    9.01023769378662    789.208251953125
69.366    9.0062894821167    789.246643066406
69.503    8.79669952392578    789.018798828125
69.641    8.82833290100098    789.322448730469
69.778    8.89754676818848    789.284545898438
69.916    8.81648921966553    789.284545898438
70.053    9.03197574615479    789.55029296875
70.191    8.93904972076416    789.284545898438
70.328    9.02408027648926    789.17041015625
70.466    9.02605438232422    789.018798828125
70.603    8.90741634368896    789.398254394531
70.741    8.95684051513672    789.3603515625
70.879    8.78880310058594    789.018798828125
71.016    8.79669952392578    789.246643066406
71.154    8.85601806640625    789.246643066406
71.291    8.8065938949585    789.132507324219
71.429    9.03592395782471    789.17041015625
71.566    8.90346813201904    789.398254394531
71.704    9.01615905761719    789.17041015625
71.841    9.06955718994141    789.17041015625
71.979    8.89357376098633    789.474060058594
72.116    8.96673488616943    789.284545898438
72.254    8.77298641204834    789.018798828125
72.391    8.79867267608643    789.322448730469
72.529    8.86194038391113    789.55029296875
72.666    8.80856800079346    789.398254394531
72.804    9.02605438232422    789.208251953125
72.941    8.90741634368896    789.55029296875
73.079    9.00429058074951    789.056701660156
73.216    9.02010726928711    789.246643066406
73.354    8.87183475494385    789.17041015625
73.491    8.99244689941406    789.322448730469
73.629    8.75519561767578    789.474060058594
73.766    8.97265720367432    789.398254394531
73.904    8.86788749694824    789.588195800781
74.041    9.01615905761719    789.436157226563
74.179    9.01813316345215    789.398254394531
74.316    8.917311668396    789.512451171875
74.454    9.00231647491455    789.208251953125
74.591    8.75716972351074    789.208251953125
74.729    8.86194038391113    789.436157226563
74.866    8.83230590820313    789.436157226563
75.004    8.76111793518066    789.322448730469
75.141    8.97068309783936    789.398254394531
75.279    8.86986064910889    789.474060058594
75.416    9.00429058074951    789.17041015625
75.554    9.02408027648926    789.132507324219
75.691    8.905442237854    789.55029296875
75.829    8.96673488616943    789.322448730469
75.966    8.75716972351074    789.322448730469
76.104    8.83030605316162    789.17041015625
76.242    8.85009670257568    789.246643066406
76.379    8.76903915405273    789.246643066406
76.517    9.00034236907959    789.17041015625
76.654    8.85799217224121    789.474060058594
76.792    9.02010726928711    789.246643066406
76.929    8.99244689941406    789.322448730469
77.067    8.87775707244873    789.246643066406
77.204    8.9746561050415    789.132507324219
77.342    8.77693462371826    789.17041015625
77.479    8.81448936462402    789.474060058594
77.617    8.82043647766113    789.322448730469
77.754    9.01418590545654    789.094604492188
77.892    9.01813316345215    789.474060058594
78.029    8.90741634368896    789.55029296875
78.167    8.96673488616943    789.208251953125
78.304    8.72948455810547    789.398254394531
78.442    8.80067253112793    789.512451171875
78.579    8.80264663696289    789.094604492188
78.717    8.73740577697754    789.208251953125
78.854    8.97663021087646    789.322448730469
78.992    8.84217548370361    789.322448730469
79.129    8.99442100524902    789.094604492188
79.267    8.97068309783936    789.246643066406
79.404    8.85601806640625    789.246643066406
79.542    8.94894504547119    789.474060058594
79.679    8.74135303497314    789.398254394531
79.817    8.83625316619873    789.246643066406
79.954    8.84217548370361    789.398254394531
80.092    8.75519561767578    789.208251953125
80.229    8.97663021087646    789.284545898438
80.367    8.86393928527832    789.398254394531
80.505    8.96476173400879    788.828857421875
80.642    8.98057842254639    789.056701660156
80.78    8.85404396057129    789.398254394531
80.917    8.95486640930176    789.208251953125
81.055    8.71564197540283    789.132507324219
81.192    8.77298641204834    789.322448730469
81.33    8.83030605316162    789.322448730469
81.467    8.75122261047363    789.132507324219
81.605    8.97265720367432    789.284545898438
81.742    8.88962554931641    789.474060058594
81.88    8.98057842254639    789.284545898438
82.017    8.71169376373291    789.208251953125
82.155    8.83230590820313    789.3603515625
82.292    8.7749605178833    789.246643066406
82.43    8.71564197540283    789.208251953125
82.567    8.95486640930176    789.322448730469
82.705    8.81648921966553    789.3603515625
82.842    8.96476173400879    789.056701660156
82.98    8.98847389221191    789.322448730469
83.117    8.86788749694824    789.398254394531
83.255    8.95091819763184    789.208251953125
83.392    8.71169376373291    789.132507324219
83.53    8.79275131225586    789.474060058594
83.667    8.8065938949585    789.322448730469
83.805    8.72158908843994    789.208251953125
83.942    8.94499683380127    789.17041015625
84.08    8.85799217224121    789.436157226563
84.218    8.98057842254639    789.474060058594
84.355    8.97663021087646    789.018798828125
84.493    8.81648921966553    789.322448730469
84.63    8.93510150909424    789.322448730469
84.768    8.71958923339844    789.132507324219
84.905    8.77101230621338    789.55029296875
85.043    8.7907772064209    789.474060058594
85.18    8.70377254486084    788.904602050781
85.318    8.97068309783936    789.056701660156
85.455    8.87183475494385    789.398254394531
85.593    8.96278762817383    789.094604492188
85.73    8.69982433319092    789.436157226563
85.868    8.82043647766113    789.474060058594
86.005    8.75716972351074    789.3603515625
86.143    8.71169376373291    789.208251953125
86.28    8.93312835693359    789.322448730469
86.418    8.82833290100098    789.398254394531
86.555    8.9528923034668    789.246643066406
86.693    8.95883941650391    789.246643066406
86.83    8.84612369537354    789.512451171875
86.968    8.91138935089111    789.246643066406
87.105    8.70577144622803    788.904602050781
87.243    8.77101230621338    789.398254394531
87.38    8.80856800079346    789.55029296875
87.518    8.73540592193604    789.17041015625
87.655    8.95684051513672    789.3603515625
87.793    8.84812259674072    789.588195800781
87.93    8.94894504547119    789.17041015625
88.068    8.96476173400879    788.942993164063
88.205    8.79472541809082    789.398254394531
88.343    8.91928482055664    789.284545898438
88.481    8.68598175048828    789.094604492188
88.618    8.69785118103027    789.056701660156
88.756    8.82043647766113    789.246643066406
88.893    8.70971965789795    789.132507324219
89.031    8.93904972076416    789.322448730469
89.168    8.81251621246338    789.398254394531
89.306    8.93904972076416    788.980895996094
89.443    8.95883941650391    789.094604492188
89.581    8.78088283538818    789.246643066406
89.718    8.89952087402344    789.246643066406
89.856    8.68995475769043    789.132507324219
89.993    8.91928482055664    789.322448730469
90.131    8.81448936462402    789.246643066406
90.268    8.92720603942871    789.17041015625
90.406    8.94894504547119    789.398254394531
90.543    8.80067253112793    789.3603515625
90.681    8.89754676818848    789.398254394531
90.818    8.69785118103027    789.094604492188
90.956    8.72553634643555    789.398254394531
91.093    8.75519561767578    789.322448730469
91.231    8.70377254486084    789.17041015625
91.368    8.92520713806152    789.17041015625
91.506    8.79867267608643    789.474060058594
91.643    8.917311668396    789.246643066406
91.781    8.97068309783936    789.246643066406
91.918    8.79669952392578    789.17041015625
92.056    8.87183475494385    789.17041015625
92.193    8.67016506195068    789.246643066406
92.331    8.71564197540283    789.246643066406
92.469    8.74727535247803    789.436157226563
92.606    8.68995475769043    788.904602050781
92.744    8.93115425109863    789.246643066406
92.881    8.83625316619873    789.322448730469
93.019    8.92918014526367    789.284545898438
93.156    8.96278762817383    789.17041015625
93.294    8.76903915405273    789.322448730469
93.431    8.86788749694824    789.512451171875
93.569    8.67413806915283    789.17041015625
93.706    8.71564197540283    789.094604492188
93.844    8.7749605178833    789.436157226563
93.981    8.92720603942871    789.17041015625
94.119    8.94697093963623    789.208251953125
94.256    8.83625316619873    789.55029296875
94.394    8.89754676818848    789.436157226563
94.531    8.65237426757813    789.208251953125
94.669    8.76309204101563    789.474060058594
94.806    8.74135303497314    789.322448730469
94.944    8.68995475769043    789.246643066406
95.081    8.93312835693359    789.436157226563
95.219    8.78682994842529    789.246643066406
95.356    8.89357376098633    789.094604492188
95.494    8.91533756256104    789.208251953125
95.631    8.7749605178833    789.474060058594
95.769    8.87975597381592    789.322448730469
95.906    8.67213916778564    789.322448730469
96.044    8.74924850463867    789.398254394531
96.181    8.74727535247803    789.208251953125
96.319    8.67808628082275    789.018798828125
96.457    8.917311668396    789.398254394531
96.594    8.82043647766113    789.512451171875
96.732    8.89159965515137    789.246643066406
96.869    8.96476173400879    788.904602050781
97.007    8.76703929901123    789.588195800781
97.144    8.85601806640625    789.322448730469
97.282    8.6444787979126    789.246643066406
97.419    8.71958923339844    789.398254394531
97.557    8.74924850463867    789.436157226563
97.694    8.68795585632324    789.246643066406
97.832    8.90346813201904    789.398254394531
97.969    8.80264663696289    789.3603515625
98.107    8.87975597381592    789.094604492188
98.244    8.66621780395508    789.094604492188
98.382    8.74727535247803    789.626098632813
98.519    8.73145866394043    789.474060058594
98.657    8.67611217498779    789.208251953125
98.794    8.88370418548584    789.398254394531
98.932    8.78088283538818    789.322448730469
99.069    8.92918014526367    789.094604492188
99.207    8.93510150909424    789.246643066406
99.344    8.82438468933105    789.322448730469
99.482    8.88173007965088    789.322448730469
99.619    8.64645290374756    789.246643066406
99.757    8.75519561767578    789.398254394531
99.894    8.72751045227051    789.094604492188
100.032    8.65040111541748    789.056701660156
100.169    8.90939044952393    789.018798828125
100.307    8.74332714080811    789.246643066406
100.445    8.90741634368896    789.056701660156
100.582    8.91138935089111    789.018798828125
100.72    8.78682994842529    789.626098632813
100.857    8.87578296661377    789.474060058594
100.995    8.65632247924805    789.246643066406
101.132    8.70577144622803    789.246643066406
101.27    8.73937892913818    789.474060058594
101.407    8.65434837341309    789.398254394531
101.545    8.83428001403809    789.132507324219
101.682    8.76506519317627    789.512451171875
101.82    8.87775707244873    789.3603515625
101.957    8.917311668396    789.17041015625
102.095    8.7749605178833    789.322448730469
102.232    8.68795585632324    789.322448730469
102.37    8.63655757904053    789.132507324219
102.507    8.83625316619873    789.55029296875
102.645    8.70774555206299    789.436157226563
102.782    8.88962554931641    789.056701660156
102.92    8.89357376098633    789.322448730469
103.057    8.81054210662842    789.284545898438
103.195    8.89159965515137    789.132507324219
103.332    8.64842700958252    789.018798828125
103.47    8.73937892913818    789.436157226563
103.607    8.68203449249268    789.3603515625
103.745    8.6128454208374    789.398254394531
103.882    8.82438468933105    789.474060058594
104.02    8.73740577697754    789.3603515625
104.157    8.88567733764648    789.094604492188
104.295    8.88173007965088    789.398254394531
104.433    8.80067253112793    789.436157226563
104.57    8.84612369537354    789.398254394531
104.708    8.66226959228516    789.246643066406
104.845    8.77693462371826    789.55029296875
104.983    8.67213916778564    789.094604492188
105.12    8.63853168487549    789.094604492188
105.258    8.81648921966553    789.246643066406
105.395    8.69982433319092    789.588195800781
105.533    8.87975597381592    789.056701660156
105.67    8.91533756256104    789.398254394531
105.808    8.78285598754883    789.512451171875
105.945    8.88567733764648    789.17041015625
106.083    8.62271499633789    789.322448730469
106.22    8.7591438293457    789.208251953125
106.358    8.69390296936035    789.398254394531
106.495    8.87775707244873    789.3603515625
106.633    8.84414958953857    789.284545898438
106.77    8.81251621246338    789.322448730469
106.908    8.85799217224121    789.208251953125
107.045    8.64250469207764    789.398254394531
107.183    8.76111793518066    789.398254394531
107.32    8.64842700958252    789.55029296875
107.458    8.61679363250732    789.474060058594
107.595    8.76903915405273    789.55029296875
107.733    8.66424369812012    789.398254394531
107.87    8.89357376098633    789.094604492188
108.008    8.83030605316162    789.398254394531
108.145    8.80264663696289    789.512451171875
108.283    8.88370418548584    789.094604492188
108.42    8.66424369812012    789.246643066406
108.558    8.73540592193604    789.398254394531
108.695    8.65434837341309    789.208251953125
108.833    8.59505462646484    789.208251953125
108.971    8.80856800079346    789.55029296875
109.108    8.67808628082275    789.474060058594
109.246    8.86591339111328    789.208251953125
109.383    8.82635879516602    789.398254394531
109.521    8.77693462371826    789.474060058594
109.658    8.84812259674072    789.3603515625
109.796    8.64250469207764    789.322448730469
109.933    8.74727535247803    789.398254394531
110.071    8.65434837341309    789.474060058594
110.208    8.89357376098633    789.246643066406
110.346    8.79275131225586    789.322448730469
110.483    8.82833290100098    789.208251953125
110.621    8.87380886077881    789.17041015625
110.758    8.65040111541748    789.512451171875
110.896    8.79275131225586    789.588195800781
111.033    8.6444787979126    789.3603515625
111.171    8.60689830780029    789.246643066406
111.308    8.73740577697754    789.246643066406
111.446    8.628662109375    789.246643066406
111.583    8.87380886077881    789.208251953125
111.721    8.82833290100098    789.398254394531
111.858    8.79867267608643    789.436157226563
111.996    8.85207080841064    789.3603515625
112.133    8.66819095611572    789.512451171875
112.271    8.76703929901123    789.322448730469
112.408    8.60689830780029    789.398254394531
112.546    8.5752649307251    789.056701660156
112.683    8.74727535247803    789.398254394531
112.821    8.62668800354004    789.246643066406
112.958    8.87775707244873    789.018798828125
113.096    8.81251621246338    789.512451171875
113.233    8.79669952392578    789.55029296875
113.371    8.84612369537354    789.018798828125
113.509    8.60295009613037    789.436157226563
113.646    8.74332714080811    789.436157226563
113.784    8.63853168487549    789.246643066406
113.921    8.56934261322021    789.17041015625
114.059    8.78088283538818    789.398254394531
114.196    8.6602954864502    789.588195800781
114.334    8.87183475494385    789.17041015625
114.471    8.67611217498779    789.436157226563
114.609    8.78682994842529    789.474060058594
114.746    8.59505462646484    789.056701660156
114.884    8.59305572509766    789.208251953125
115.021    8.70377254486084    789.322448730469
115.159    8.6128454208374    789.322448730469
115.296    8.86591339111328    789.284545898438
115.434    8.76506519317627    789.246643066406
115.571    8.81251621246338    789.322448730469
115.709    8.84217548370361    789.094604492188
115.846    8.65040111541748    789.284545898438
115.984    8.75122261047363    789.398254394531
116.121    8.5970287322998    789.246643066406
116.259    8.62668800354004    789.588195800781
116.396    8.70179843902588    789.512451171875
116.534    8.6128454208374    789.246643066406
116.671    8.84020137786865    789.246643066406
116.809    8.7591438293457    789.588195800781
116.946    8.78485584259033    789.246643066406
117.084    8.86393928527832    789.17041015625
117.221    8.61087131500244    789.398254394531
117.359    8.74924850463867    789.246643066406
117.497    8.58121204376221    789.284545898438
117.634    8.59505462646484    789.246643066406
117.772    8.70971965789795    789.55029296875
117.909    8.61876678466797    789.474060058594
118.047    8.85601806640625    789.17041015625
118.184    8.79275131225586    789.474060058594
118.322    8.77298641204834    789.398254394531
118.459    8.5910816192627    789.284545898438
118.597    8.64050579071045    789.436157226563
118.734    8.69390296936035    789.398254394531
118.872    8.60689830780029    789.246643066406
119.009    8.80461978912354    789.246643066406
119.147    8.72948455810547    789.246643066406
119.284    8.80856800079346    789.246643066406
119.422    8.83625316619873    789.094604492188
119.559    8.67016506195068    789.398254394531
119.697    8.76309204101563    789.322448730469
119.834    8.5752649307251    789.322448730469
119.972    8.64050579071045    789.17041015625
120.14    -42.5819969177246    -207.398590087891
120.277    -39.6045036315918    -207.664352416992
120.415    -36.9591636657715    -207.550170898438
120.552    -34.6716575622559    -207.550170898438
120.69    -31.6921901702881    -207.436477661133
120.827    -29.3987636566162    -207.815933227539
120.965    -27.0756778717041    -207.512268066406
121.102    -25.22314453125    -207.626449584961
121.24    -23.5979690551758    -207.550170898438
121.377    -22.1685161590576    -207.474380493164
121.515    -21.1345062255859    -207.246520996094
121.652    -19.9739379882813    -207.664352416992
121.79    -19.2404460906982    -207.740142822266
121.928    -18.2894687652588    -207.360687255859
122.065    -17.4808406829834    -207.398590087891
122.203    -16.6642932891846    -207.512268066406
122.34    -15.7765827178955    -207.550170898438
122.478    -15.1458873748779    -207.398590087891
122.615    -14.3649454116821    -207.398590087891
122.753    -13.6709833145142    -207.664352416992
122.89    -13.2043762207031    -207.398590087891
123.028    -12.5005445480347    -207.588562011719
123.165    -12.1011781692505    -207.815933227539
123.303    -11.4645357131958    -207.398590087891
123.44    -10.9030542373657    -207.474380493164
123.578    -10.3514432907104    -207.626449584961
123.715    -9.54084205627441    -207.588562011719
123.853    -9.02283763885498    -207.474380493164
123.99    -8.4435396194458    -207.474380493164
124.128    -7.9037971496582    -207.550170898438
124.266    -7.52814340591431    -207.512268066406
124.403    -6.89547395706177    -207.512268066406
124.541    -6.49216032028198    -207.588562011719
124.678    -5.85751724243164    -207.664352416992
124.816    -5.33951282501221    -207.436477661133
124.953    -4.91640901565552    -207.85383605957
125.091    -4.30747747421265    -207.664352416992
125.228    -4.05241012573242    -207.664352416992
125.366    -3.65699195861816    -207.360687255859
125.503    -3.62933158874512    -207.892211914063
125.641    -3.29718041419983    -207.436477661133
125.778    -3.17262029647827    -207.398590087891
125.916    -3.01840090751648    -207.512268066406
126.053    -2.69811844825745    -207.474380493164
126.191    -2.6724066734314    -207.550170898438
126.329    -2.42725992202759    -207.702239990234
126.466    -2.34025526046753    -207.664352416992
126.604    -2.29875206947327    -207.588562011719
126.741    -2.17616629600525    -207.626449584961
126.879    -2.27106666564941    -207.740142822266
127.016    -2.13266372680664    -207.626449584961
127.154    -2.12276887893677    -207.588562011719
127.291    -2.10103034973145    -207.474380493164
127.429    -1.86377942562103    -207.815933227539
127.566    -1.93694126605988    -207.360687255859
127.704    -1.74514126777649    -207.664352416992
127.842    -1.71550703048706    -207.436477661133
127.979    -1.78864359855652    -207.588562011719
128.117    -1.65224003791809    -207.664352416992
128.254    -1.82422482967377    -207.474380493164
128.392    -1.73329770565033    -207.740142822266
128.529    -1.70166420936584    -207.550170898438
128.667    -1.73724555969238    -207.740142822266
128.804    -1.53557586669922    -207.550170898438
128.942    -1.58105206489563    -207.588562011719
129.079    -1.48417782783508    -207.664352416992
129.217    -1.43277966976166    -207.740142822266
129.355    -1.51186335086823    -207.474380493164
129.492    -1.39917230606079    -207.664352416992
129.63    -1.58105206489563    -207.740142822266
129.767    -1.54744470119476    -207.512268066406
129.905    -1.48417782783508    -207.398590087891
130.042    -1.53162801265717    -207.626449584961
130.18    -1.3141416311264    -207.815933227539
130.317    -1.35369610786438    -207.588562011719
130.455    -1.28053414821625    -207.588562011719
130.592    -1.48022997379303    -207.815933227539
130.73    -1.3912513256073    -207.626449584961
130.867    -1.42485868930817    -207.474380493164
131.005    -1.44264936447144    -207.664352416992
131.143    -1.29635095596313    -208.005905151367
131.28    -1.35764396190643    -207.588562011719
131.418    -1.2073723077774    -207.85383605957
131.555    -1.223188996315    -207.664352416992
131.693    -1.22913610935211    -207.322799682617
131.83    -1.19355475902557    -207.512268066406
131.968    -1.33985328674316    -207.815933227539
132.105    -1.28845524787903    -207.550170898438
132.243    -1.31808948516846    -207.398590087891
132.38    -1.34182715415955    -207.588562011719
132.518    -1.15202641487122    -207.474380493164
132.655    -1.2607696056366    -207.474380493164
132.793    -1.10852408409119    -207.892211914063
132.931    -1.0927072763443    -207.436477661133
133.068    -1.15597426891327    -207.512268066406
133.206    -1.07491660118103    -207.815933227539
133.343    -1.29832482337952    -207.740142822266
133.481    -1.18958163261414    -207.512268066406
133.618    -1.22913610935211    -207.512268066406
133.756    -1.25879561901093    -207.664352416992
133.893    -1.09073340892792    -207.778030395508
134.031    -1.15794813632965    -207.436477661133
134.168    -1.03538751602173    -207.626449584961
134.306    -1.04130923748016    -207.664352416992
134.443    -1.09468126296997    -207.436477661133
134.581    -1.00375401973724    -207.512268066406
134.719    -1.22716224193573    -207.664352416992
134.856    -1.0610738992691    -207.626449584961
134.994    -1.17179095745087    -207.474380493164
135.131    -0.978042304515839    -207.664352416992
135.269    -1.01362359523773    -207.512268066406
135.406    -1.02549254894257    -207.588562011719
135.544    -0.966173470020294    -207.968002319336
135.681    -1.16784310340881    -207.85383605957
135.819    -1.04130923748016    -207.474380493164
135.956    -1.16784310340881    -207.474380493164
136.094    -1.16586923599243    -208.005905151367
136.231    -1.02549254894257    -207.892211914063
136.369    -1.13423573970795    -207.398590087891
136.507    -0.942461013793945    -207.740142822266
136.644    -0.954304575920105    -207.588562011719
136.782    -1.00375401973724    -207.436477661133
136.919    -0.918723225593567    -207.588562011719
137.057    -1.10260224342346    -207.474380493164
137.194    -0.997806906700134    -207.588562011719
137.332    -1.08481156826019    -207.702239990234
137.469    -1.1223669052124    -207.740142822266
137.607    -1.00572788715363    -207.702239990234
137.744    -1.05515205860138    -207.588562011719
137.882    -0.906854391098022    -207.892211914063
138.019    -0.954304575920105    -207.398590087891
138.157    -0.964199542999268    -207.512268066406
138.295    -0.902906537055969    -207.815933227539
138.432    -1.10852408409119    -207.740142822266
138.57    -0.983964085578918    -207.436477661133
138.707    -1.07096874713898    -207.626449584961
138.845    -1.08481156826019    -207.398590087891
138.982    -0.952330648899078    -207.588562011719
139.12    -1.03736138343811    -207.322799682617
139.257    -0.8851158618927    -207.664352416992
139.395    -0.92267107963562    -207.512268066406
139.532    -0.920697152614594    -207.436477661133
139.67    -1.07491660118103    -207.778030395508
139.808    -1.05120420455933    -207.664352416992
139.945    -0.978042304515839    -207.550170898438
140.083    -1.04920494556427    -207.512268066406
140.22    -0.883141934871674    -207.702239990234
140.358    -0.924670338630676    -207.626449584961
140.495    -0.896984755992889    -207.588562011719
140.633    -0.865351259708405    -207.626449584961
140.77    -1.01362359523773    -207.702239990234
140.908    -0.906854391098022    -207.398590087891
141.045    -1.03736138343811    -207.550170898438
141.183    -1.02154469490051    -207.588562011719
141.32    -0.924670338630676    -207.512268066406
141.458    -1.04920494556427    -207.474380493164
141.595    -0.845586657524109    -207.512268066406
141.733    -0.887089788913727    -207.588562011719
141.871    -0.875220894813538    -207.626449584961
142.008    -0.809980034828186    -207.702239990234
142.146    -1.00375401973724    -207.702239990234
142.283    -0.869299113750458    -207.588562011719
142.421    -1.03933537006378    -207.550170898438
142.558    -1.0155975818634    -207.664352416992
142.696    -0.900932610034943    -207.588562011719
142.833    -1.01362359523773    -207.512268066406
142.971    -0.829769909381866    -207.740142822266
143.108    -0.857430219650269    -207.512268066406
143.246    -0.867325186729431    -207.436477661133
143.383    -0.806032180786133    -207.815933227539
143.521    -0.997806906700134    -207.740142822266
143.659    -0.89103764295578    -207.512268066406
143.796    -1.02549254894257    -207.702239990234
143.934    -0.991885125637054    -207.778030395508
144.071    -0.896984755992889    -207.550170898438
144.209    -0.974094450473785    -207.588562011719
144.346    -0.784293651580811    -207.512268066406
144.484    -0.92267107963562    -207.664352416992
144.621    -0.808006107807159    -207.626449584961
144.759    -1.0077018737793    -207.740142822266
144.896    -0.962225615978241    -207.398590087891
145.034    -0.932566046714783    -207.436477661133
145.171    -0.956303775310516    -207.322799682617
145.309    -0.788241505622864    -207.664352416992
145.447    -0.857430219650269    -207.512268066406
145.584    -0.79021543264389    -207.550170898438
145.722    -0.772424817085266    -207.968002319336
145.859    -0.938487827777863    -207.664352416992
145.997    -0.829769909381866    -207.588562011719
146.134    -0.980016231536865    -207.892211914063
146.272    -0.978042304515839    -207.740142822266
146.409    -0.91082751750946    -207.588562011719
146.547    -0.968147397041321    -207.588562011719
146.684    -0.788241505622864    -207.664352416992
146.822    -0.87919408082962    -207.322799682617
146.959    -0.808006107807159    -207.322799682617
147.097    -0.75858199596405    -207.512268066406
147.235    -0.908853590488434    -207.512268066406
147.372    -0.808006107807159    -207.778030395508
147.51    -0.987937271595001    -207.626449584961
147.647    -0.938487827777863    -207.85383605957
147.785    -0.89103764295578    -207.778030395508
147.922    -0.956303775310516    -207.740142822266
148.06    -0.77045089006424    -207.664352416992
148.197    -0.857430219650269    -207.512268066406
148.335    -0.754634141921997    -207.512268066406
148.472    -0.746713101863861    -207.550170898438
148.61    -0.873246967792511    -207.512268066406
148.747    -0.79021543264389    -207.322799682617
148.885    -0.956303775310516    -207.512268066406
149.023    -0.936513900756836    -207.588562011719
149.16    -0.89103764295578    -207.436477661133
149.298    -0.750686287879944    -207.588562011719
149.435    -0.748687028884888    -207.436477661133
149.573    -0.817901074886322    -207.436477661133
149.71    -0.762529850006104    -207.322799682617
149.848    -0.932566046714783    -207.512268066406
149.985    -0.895010828971863    -207.664352416992
150.123    -0.877220153808594    -207.815933227539
150.26    -0.942461013793945    -207.815933227539
150.398    -0.786267578601837    -207.474380493164
150.535    -0.837665677070618    -207.398590087891
150.673    -0.705210030078888    -207.588562011719
150.811    -0.728922426700592    -208.005905151367
150.948    -0.808006107807159    -207.474380493164
151.086    -0.75266021490097    -207.436477661133
151.223    -0.958277702331543    -207.740142822266
151.361    -0.843587458133698    -207.360687255859
151.498    -0.8851158618927    -207.398590087891
151.636    -0.924670338630676    -207.664352416992
151.773    -0.748687028884888    -207.512268066406
151.911    -0.867325186729431    -207.664352416992
152.048    -0.721026718616486    -207.550170898438
152.186    -0.715079665184021    -207.702239990234
152.323    -0.831743896007538    -207.588562011719
152.461    -0.772424817085266    -207.398590087891
152.599    -0.92267107963562    -207.588562011719
152.736    -0.902906537055969    -207.664352416992
152.874    -0.863377332687378    -207.512268066406
153.011    -0.92267107963562    -207.702239990234
153.149    -0.721026718616486    -207.892211914063
153.286    -0.855456292629242    -207.360687255859
153.424    -0.723000645637512    -207.664352416992
153.561    -0.715079665184021    -207.588562011719
153.699    -0.804058253765106    -207.436477661133
153.836    -0.89103764295578    -207.284896850586
153.974    -0.932566046714783    -207.85383605957
154.112    -0.788241505622864    -207.778030395508
154.249    -0.873246967792511    -207.664352416992
154.387    -0.701236844062805    -207.588562011719
154.524    -0.740791320800781    -207.815933227539
154.662    -0.746713101863861    -207.474380493164
154.799    -0.715079665184021    -207.474380493164
154.937    -0.900932610034943    -207.778030395508
155.074    -0.788241505622864    -207.398590087891
155.212    -0.893036842346191    -207.588562011719
155.349    -0.91674929857254    -207.815933227539
155.487    -0.760555922985077    -207.512268066406
155.624    -0.877220153808594    -207.626449584961
155.762    -0.693341135978699    -207.588562011719
155.899    -0.742765247821808    -207.398590087891
156.037    -0.721026718616486    -207.778030395508
156.175    -0.689393281936646    -207.398590087891
156.312    -0.896984755992889    -207.512268066406
156.45    -0.79613721370697    -207.664352416992
156.587    -0.867325186729431    -207.550170898438
156.725    -0.893036842346191    -207.778030395508
156.862    -0.772424817085266    -207.360687255859
157    -0.867325186729431    -207.474380493164
157.137    -0.689393281936646    -207.892211914063
157.275    -0.742765247821808    -207.588562011719
157.412    -0.719052791595459    -207.474380493164
157.55    -0.667629420757294    -207.512268066406
157.687    -0.877220153808594    -207.550170898438
157.825    -0.766503036022186    -207.474380493164
157.963    -0.873246967792511    -207.512268066406
158.1    -0.887089788913727    -207.815933227539
158.238    -0.76450377702713    -207.702239990234
158.375    -0.859404146671295    -207.626449584961
158.513    -0.683446168899536    -207.702239990234
158.65    -0.780320525169373    -207.702239990234
158.788    -0.732870280742645    -207.626449584961
158.925    -0.887089788913727    -207.588562011719
159.063    -0.875220894813538    -207.664352416992
159.2    -0.798136472702026    -207.740142822266
159.338    -0.895010828971863    -207.626449584961
159.476    -0.699262917041779    -207.664352416992
159.613    -0.748687028884888    -207.588562011719
159.751    -0.683446168899536    -207.398590087891
159.888    -0.691367208957672    -207.664352416992
160.026    -0.811953961849213    -207.626449584961
160.163    -0.717053592205048    -207.550170898438
160.301    -0.871273040771484    -207.740142822266
160.438    -0.851508438587189    -207.740142822266
160.576    -0.837665677070618    -207.398590087891
160.713    -0.851508438587189    -207.778030395508
160.851    -0.713105738162994    -207.740142822266
160.988    -0.778346598148346    -207.398590087891
161.126    -0.673576533794403    -207.740142822266
161.263    -0.673576533794403    -207.968002319336
161.401    -0.806032180786133    -207.398590087891
161.539    -0.677524387836456    -207.398590087891
161.676    -0.895010828971863    -207.626449584961
161.814    -0.851508438587189    -207.740142822266
161.951    -0.827770709991455    -207.322799682617
162.089    -0.883141934871674    -207.588562011719
162.226    -0.703236103057861    -207.740142822266
162.364    -0.77045089006424    -207.702239990234
162.501    -0.683446168899536    -207.702239990234
162.639    -0.659733712673187    -207.626449584961
162.776    -0.75858199596405    -207.322799682617
162.914    -0.685420095920563    -207.474380493164
163.052    -0.859404146671295    -207.664352416992
163.189    -0.821848928928375    -207.512268066406
163.327    -0.829769909381866    -207.360687255859
163.464    -0.659733712673187    -207.815933227539
163.602    -0.754634141921997    -207.550170898438
163.739    -0.699262917041779    -207.512268066406
163.877    -0.677524387836456    -207.512268066406
164.014    -0.829769909381866    -207.740142822266
164.152    -0.760555922985077    -207.360687255859
164.289    -0.825796782970428    -207.512268066406
164.427    -0.871273040771484    -207.664352416992
164.564    -0.732870280742645    -207.588562011719
164.702    -0.863377332687378    -207.436477661133
164.84    -0.655785858631134    -207.664352416992
164.977    -0.677524387836456    -207.474380493164
165.115    -0.683446168899536    -207.360687255859
165.252    -0.645890951156616    -207.664352416992
165.39    -0.843587458133698    -207.778030395508
165.527    -0.726948499679565    -207.740142822266
165.665    -0.843587458133698    -207.740142822266
165.802    -0.853482365608215    -207.702239990234
165.94    -0.756608068943024    -207.588562011719
166.077    -0.835691750049591    -207.512268066406
166.215    -0.63796991109848    -207.512268066406
166.352    -0.723000645637512    -207.778030395508
166.49    -0.707183957099915    -207.512268066406
166.628    -0.645890951156616    -207.664352416992
166.765    -0.821848928928375    -207.778030395508
166.903    -0.717053592205048    -207.398590087891
167.04    -0.841613531112671    -207.664352416992
167.178    -0.835691750049591    -207.664352416992
167.315    -0.774398744106293    -207.588562011719
167.453    -0.831743896007538    -207.512268066406
167.59    -0.645890951156616    -207.740142822266
167.728    -0.730896353721619    -207.664352416992
167.865    -0.661707639694214    -207.588562011719
168.003    -0.645890951156616    -207.626449584961
168.14    -0.804058253765106    -207.702239990234
168.278    -0.804058253765106    -207.398590087891
168.416    -0.845586657524109    -207.740142822266
168.553    -0.647864878177643    -208.005905151367
168.691    -0.762529850006104    -207.398590087891
168.828    -0.628100275993347    -207.588562011719
168.966    -0.661707639694214    -207.550170898438
169.103    -0.742765247821808    -207.474380493164
169.241    -0.671602606773376    -207.512268066406
169.378    -0.835691750049591    -207.588562011719
169.516    -0.772424817085266    -207.626449584961
169.653    -0.80208432674408    -207.588562011719
169.791    -0.837665677070618    -207.702239990234
169.928    -0.693341135978699    -207.512268066406
170.066    -0.768476963043213    -207.398590087891
170.203    -0.651812732219696    -207.626449584961
170.341    -0.659733712673187    -207.474380493164
170.479    -0.711131811141968    -207.512268066406
170.616    -0.639969170093536    -207.778030395508
170.754    -0.841613531112671    -207.626449584961
170.891    -0.746713101863861    -207.664352416992
171.029    -0.817901074886322    -207.474380493164
171.166    -0.851508438587189    -207.664352416992
171.304    -0.703236103057861    -207.626449584961
171.441    -0.817901074886322    -207.588562011719
171.579    -0.635995984077454    -207.702239990234
171.716    -0.661707639694214    -207.892211914063
171.854    -0.683446168899536    -207.512268066406
171.991    -0.618205308914185    -207.588562011719
172.129    -0.819875001907349    -207.664352416992
172.267    -0.721026718616486    -207.664352416992
172.404    -0.809980034828186    -207.588562011719
172.542    -0.827770709991455    -207.664352416992
172.679    -0.695315062999725    -207.436477661133
172.817    -0.620179235935211    -207.588562011719
172.954    -0.614257454872131    -207.930114746094
173.092    -0.750686287879944    -207.588562011719
173.229    -0.693341135978699    -207.588562011719
173.367    -0.849534511566162    -207.512268066406
173.504    -0.831743896007538    -207.702239990234
173.642    -0.786267578601837    -207.322799682617
173.779    -0.851508438587189    -207.664352416992
173.917    -0.641943097114563    -207.930114746094
174.055    -0.75266021490097    -207.246520996094
174.192    -0.667629420757294    -207.550170898438
174.33    -0.645890951156616    -207.740142822266
174.467    -0.754634141921997    -207.588562011719
174.605    -0.657759785652161    -207.512268066406
174.742    -0.819875001907349    -207.664352416992
174.88    -0.780320525169373    -207.664352416992
175.017    -0.76450377702713    -207.588562011719
175.155    -0.829769909381866    -207.664352416992
175.292    -0.628100275993347    -207.892211914063
175.43    -0.766503036022186    -207.702239990234
175.567    -0.651812732219696    -207.550170898438
175.705    -0.630074203014374    -207.702239990234
175.843    -0.709157884120941    -207.360687255859
175.98    -0.630074203014374    -207.588562011719
176.118    -0.829769909381866    -207.474380493164
176.255    -0.754634141921997    -207.474380493164
176.393    -0.776372671127319    -207.398590087891
176.53    -0.831743896007538    -207.436477661133
176.668    -0.634022057056427    -207.892211914063
176.805    -0.730896353721619    -207.588562011719
176.943    -0.618205308914185    -207.702239990234
177.08    -0.635995984077454    -207.588562011719
177.218    -0.717053592205048    -207.360687255859
177.355    -0.661707639694214    -207.626449584961
177.493    -0.831743896007538    -207.815933227539
177.631    -0.703236103057861    -207.702239990234
177.768    -0.798136472702026    -207.132827758789
177.906    -0.614257454872131    -207.588562011719
178.043    -0.659733712673187    -207.664352416992
178.181    -0.68147224187851    -207.588562011719
178.318    -0.616231381893158    -207.588562011719
178.456    -0.808006107807159    -207.550170898438
178.593    -0.685420095920563    -207.474380493164
178.731    -0.809980034828186    -207.740142822266
178.868    -0.831743896007538    -207.588562011719
179.006    -0.734869539737701    -207.588562011719
179.144    -0.819875001907349    -207.740142822266
179.281    -0.608335673809052    -208.005905151367
179.419    -0.66368156671524    -207.550170898438
179.556    -0.645890951156616    -207.588562011719
179.694    -0.639969170093536    -207.588562011719
179.831    -0.75858199596405    -207.626449584961
179.969    -0.66960334777832    -207.474380493164
180.105    -0.813953220844269    -207.740142822266
180.243    -0.772424817085266    -207.892211914063
180.38    -0.740791320800781    -207.512268066406
180.518    -0.788241505622864    -207.815933227539
180.655    -0.626126348972321    -207.588562011719
180.793    -0.717053592205048    -207.512268066406
180.93    -0.651812732219696    -207.436477661133
181.068    -0.608335673809052    -207.626449584961
181.206    -0.697288990020752    -207.702239990234
181.343    -0.645890951156616    -207.550170898438
181.481    -0.80208432674408    -207.664352416992
181.618    -0.784293651580811    -207.702239990234
181.756    -0.75858199596405    -207.588562011719
181.893    -0.79021543264389    -207.740142822266
182.031    -0.657759785652161    -207.588562011719
182.168    -0.728922426700592    -207.740142822266
182.306    -0.634022057056427    -207.550170898438
182.443    -0.815927147865295    -207.512268066406
182.581    -0.689393281936646    -207.436477661133
182.719    -0.780320525169373    -207.436477661133
182.856    -0.831743896007538    -207.815933227539
182.994    -0.695315062999725    -207.626449584961
183.131    -0.772424817085266    -207.474380493164
183.269    -0.594492852687836    -207.664352416992
183.406    -0.657759785652161    -207.664352416992
183.544    -0.645890951156616    -207.474380493164
183.681    -0.598440706729889    -207.702239990234
183.819    -0.794163286685944    -207.740142822266
183.956    -0.659733712673187    -207.588562011719
184.094    -0.804058253765106    -207.512268066406
184.231    -0.815927147865295    -207.664352416992
184.369    -0.724974572658539    -207.588562011719
184.506    -0.766503036022186    -207.550170898438
184.644    -0.606336414813995    -207.740142822266
184.781    -0.622153162956238    -207.702239990234
184.919    -0.620179235935211    -207.436477661133
185.057    -0.594492852687836    -207.85383605957
185.194    -0.746713101863861    -207.740142822266
185.332    -0.653786659240723    -207.588562011719
185.469    -0.782319724559784    -207.664352416992
185.607    -0.80208432674408    -207.815933227539
185.744    -0.740791320800781    -207.588562011719
185.882    -0.80208432674408    -207.474380493164
186.019    -0.628100275993347    -207.892211914063
186.157    -0.667629420757294    -207.436477661133
186.294    -0.608335673809052    -207.550170898438
186.432    -0.614257454872131    -207.930114746094
186.57    -0.723000645637512    -207.740142822266
186.707    -0.641943097114563    -207.588562011719
186.845    -0.813953220844269    -207.550170898438
186.982    -0.634022057056427    -207.474380493164
187.12    -0.726948499679565    -207.398590087891
187.257    -0.568781197071075    -207.664352416992
187.395    -0.628100275993347    -207.398590087891
187.532    -0.645890951156616    -207.588562011719
187.67    -0.616231381893158    -207.740142822266
187.807    -0.809980034828186    -207.664352416992
187.945    -0.726948499679565    -207.474380493164
188.082    -0.80208432674408    -207.550170898438
188.22    -0.800110399723053    -207.664352416992
188.358    -0.659733712673187    -207.626449584961
188.495    -0.79021543264389    -207.284896850586
188.633    -0.596466779708862    -207.892211914063
188.77    -0.628100275993347    -207.512268066406
188.908    -0.635995984077454    -207.436477661133
189.045    -0.584597945213318    -207.512268066406
189.183    -0.792189359664917    -207.85383605957
189.32    -0.693341135978699    -207.474380493164
189.458    -0.772424817085266    -207.512268066406
189.595    -0.808006107807159    -207.778030395508
189.733    -0.709157884120941    -207.588562011719
189.87    -0.792189359664917    -207.512268066406
190.008    -0.596466779708862    -207.740142822266
190.146    -0.66368156671524    -207.740142822266
190.283    -0.635995984077454    -207.588562011719
190.421    -0.598440706729889    -207.892211914063
190.558    -0.754634141921997    -207.512268066406
190.696    -0.645890951156616    -207.626449584961
190.833    -0.80208432674408    -207.588562011719
190.971    -0.798136472702026    -207.588562011719
191.108    -0.717053592205048    -207.284896850586
191.246    -0.776372671127319    -207.664352416992
191.383    -0.602388560771942    -207.664352416992
191.521    -0.68147224187851    -207.322799682617
191.658    -0.608335673809052    -207.474380493164
191.796    -0.806032180786133    -207.664352416992
191.933    -0.687419354915619    -207.588562011719
192.071    -0.772424817085266    -207.360687255859
192.209    -0.794163286685944    -207.778030395508
192.346    -0.634022057056427    -207.815933227539
192.484    -0.748687028884888    -207.740142822266
192.621    -0.584597945213318    -207.588562011719
192.759    -0.624152421951294    -207.664352416992
192.896    -0.655785858631134    -207.436477661133
193.034    -0.588545799255371    -207.550170898438
193.171    -0.784293651580811    -207.664352416992
193.309    -0.689393281936646    -207.588562011719
193.446    -0.79021543264389    -207.740142822266
193.584    -0.788241505622864    -207.626449584961
193.721    -0.677524387836456    -207.702239990234
193.859    -0.756608068943024    -207.398590087891
193.997    -0.584597945213318    -207.815933227539
194.134    -0.667629420757294    -207.626449584961
194.272    -0.641943097114563    -207.474380493164
194.409    -0.570755124092102    -207.626449584961
194.547    -0.76450377702713    -207.778030395508
194.684    -0.639969170093536    -207.512268066406
194.822    -0.75266021490097    -207.815933227539
194.959    -0.782319724559784    -207.588562011719
195.097    -0.679498314857483    -207.398590087891
195.234    -0.772424817085266    -207.588562011719
195.372    -0.586571872234344    -207.815933227539
195.509    -0.667629420757294    -207.512268066406
195.647    -0.580650091171265    -207.512268066406
195.785    -0.584597945213318    -207.85383605957
195.922    -0.693341135978699    -207.664352416992
196.06    -0.630074203014374    -207.398590087891
196.197    -0.806032180786133    -207.588562011719
196.335    -0.645890951156616    -207.588562011719
196.472    -0.709157884120941    -207.626449584961
196.61    -0.582624018192291    -207.588562011719
196.747    -0.602388560771942    -207.740142822266
196.885    -0.657759785652161    -207.436477661133
197.022    -0.578676164150238    -207.436477661133
197.16    -0.76450377702713    -207.85383605957
197.297    -0.697288990020752    -207.436477661133
197.435    -0.776372671127319    -207.512268066406
197.572    -0.788241505622864    -207.85383605957
197.71    -0.657759785652161    -207.588562011719
197.848    -0.738817393779755    -207.550170898438
197.985    -0.582624018192291    -207.892211914063
198.123    -0.618205308914185    -207.436477661133
198.26    -0.64391702413559    -207.512268066406
198.398    -0.578676164150238    -207.588562011719
198.535    -0.738817393779755    -207.85383605957
198.673    -0.671602606773376    -207.588562011719
198.81    -0.778346598148346    -207.815933227539
198.948    -0.75266021490097    -207.436477661133
199.085    -0.699262917041779    -207.436477661133
199.223    -0.776372671127319    -207.664352416992
199.36    -0.576702237129211    -207.664352416992
199.498    -0.66960334777832    -207.892211914063
199.636    -0.628100275993347    -207.664352416992
199.773    -0.582624018192291    -207.626449584961
199.911    -0.736843466758728    -207.664352416992
200.048    -0.639969170093536    -207.474380493164
200.186    -0.780320525169373    -207.664352416992
200.323    -0.723000645637512    -207.664352416992
200.461    -0.705210030078888    -207.512268066406
200.598    -0.780320525169373    -207.740142822266
200.736    -0.600414633750916    -207.740142822266
200.873    -0.679498314857483    -207.550170898438
201.011    -0.590519726276398    -207.512268066406
201.148    -0.748687028884888    -207.664352416992
201.286    -0.695315062999725    -207.436477661133
201.424    -0.76450377702713    -207.664352416992
201.561    -0.774398744106293    -207.588562011719
201.699    -0.651812732219696    -207.702239990234
201.836    -0.766503036022186    -207.512268066406
201.974    -0.564833343029022    -207.778030395508
202.111    -0.616231381893158    -207.664352416992
202.249    -0.635995984077454    -207.436477661133
202.386    -0.588545799255371    -207.626449584961
202.524    -0.766503036022186    -207.550170898438
202.661    -0.64391702413559    -207.588562011719
202.799    -0.774398744106293    -207.778030395508
202.936    -0.776372671127319    -207.626449584961
203.074    -0.651812732219696    -207.626449584961
203.211    -0.786267578601837    -207.512268066406
203.349    -0.570755124092102    -207.550170898438
203.487    -0.645890951156616    -207.664352416992
203.624    -0.614257454872131    -207.436477661133
203.762    -0.570755124092102    -207.892211914063
203.899    -0.75858199596405    -207.588562011719
204.037    -0.630074203014374    -207.474380493164
204.174    -0.77045089006424    -207.892211914063
204.312    -0.766503036022186    -207.702239990234
204.449    -0.726948499679565    -207.626449584961
204.587    -0.786267578601837    -207.626449584961
204.724    -0.620179235935211    -207.702239990234
204.862    -0.645890951156616    -207.664352416992
204.999    -0.580650091171265    -207.436477661133
205.137    -0.596466779708862    -207.815933227539
205.275    -0.697288990020752    -207.550170898438
205.412    -0.590519726276398    -207.436477661133
205.55    -0.786267578601837    -207.664352416992
205.687    -0.635995984077454    -207.512268066406
205.825    -0.715079665184021    -207.588562011719
205.962    -0.578676164150238    -207.664352416992
206.1    -0.612283527851105    -207.664352416992
206.237    -0.618205308914185    -207.360687255859
206.375    -0.576702237129211    -207.85383605957
206.512    -0.744739174842834    -207.436477661133
206.65    -0.641943097114563    -207.550170898438
206.787    -0.788241505622864    -207.664352416992
206.925    -0.780320525169373    -207.664352416992
207.062    -0.68147224187851    -207.664352416992
207.2    -0.744739174842834    -207.474380493164
207.338    -0.578676164150238    -207.85383605957
207.475    -0.602388560771942    -207.512268066406
207.613    -0.626126348972321    -207.436477661133
207.75    -0.588545799255371    -207.588562011719
207.888    -0.742765247821808    -207.930114746094
208.025    -0.620179235935211    -207.626449584961
208.163    -0.79021543264389    -207.740142822266
208.3    -0.760555922985077    -207.436477661133
208.438    -0.699262917041779    -207.588562011719
208.575    -0.754634141921997    -207.512268066406
208.713    -0.580650091171265    -207.815933227539
208.85    -0.645890951156616    -207.474380493164
208.988    -0.608335673809052    -207.512268066406
209.126    -0.574702978134155    -207.815933227539
209.263    -0.689393281936646    -207.512268066406
209.401    -0.602388560771942    -207.398590087891
209.538    -0.784293651580811    -207.740142822266
209.676    -0.760555922985077    -207.740142822266
209.813    -0.726948499679565    -207.398590087891
209.951    -0.766503036022186    -207.892211914063
210.088    -0.608335673809052    -207.740142822266
210.226    -0.653786659240723    -207.436477661133
210.363    -0.562859416007996    -207.588562011719
210.501    -0.748687028884888    -207.740142822266
210.638    -0.697288990020752    -207.588562011719
210.776    -0.756608068943024    -207.436477661133
210.914    -0.76450377702713    -207.588562011719
211.051    -0.655785858631134    -207.512268066406
211.189    -0.713105738162994    -207.588562011719
211.326    -0.584597945213318    -207.815933227539
211.464    -0.612283527851105    -207.740142822266
211.601    -0.620179235935211    -207.436477661133
211.739    -0.558886229991913    -207.588562011719
211.876    -0.738817393779755    -207.588562011719
212.014    -0.655785858631134    -207.588562011719
212.151    -0.774398744106293    -207.512268066406
212.289    -0.786267578601837    -207.512268066406
212.426    -0.683446168899536    -207.436477661133
212.564    -0.760555922985077    -207.588562011719
212.701    -0.584597945213318    -207.664352416992
212.839    -0.639969170093536    -207.436477661133
212.976    -0.586571872234344    -207.550170898438
213.114    -0.545068740844727    -207.664352416992
213.252    -0.699262917041779    -207.702239990234
213.389    -0.649838805198669    -207.398590087891
213.527    -0.766503036022186    -207.892211914063
213.664    -0.760555922985077    -207.778030395508
213.802    -0.711131811141968    -207.322799682617
213.939    -0.754634141921997    -207.512268066406
214.077    -0.584597945213318    -207.588562011719
214.214    -0.653786659240723    -207.436477661133
214.352    -0.576702237129211    -207.550170898438
214.489    -0.584597945213318    -207.815933227539
214.627    -0.695315062999725    -207.398590087891
214.764    -0.590519726276398    -207.398590087891
214.902    -0.75858199596405    -207.85383605957
215.04    -0.634022057056427    -207.588562011719
215.177    -0.724974572658539    -207.550170898438
215.315    -0.541095554828644    -207.815933227539
215.452    -0.586571872234344    -207.702239990234
215.59    -0.612283527851105    -207.588562011719
215.727    -0.556912302970886    -207.664352416992
215.865    -0.766503036022186    -207.740142822266
216.002    -0.639969170093536    -207.246520996094
216.14    -0.766503036022186    -207.664352416992
216.277    -0.77045089006424    -207.85383605957
216.415    -0.665655493736267    -207.626449584961
216.552    -0.744739174842834    -207.664352416992
216.69    -0.582624018192291    -207.815933227539
216.828    -0.624152421951294    -207.588562011719
216.965    -0.55493837594986    -207.512268066406
217.103    -0.552964448928833    -207.815933227539
217.24    -0.732870280742645    -207.588562011719
217.378    -0.614257454872131    -207.588562011719
217.515    -0.736843466758728    -207.664352416992
217.653    -0.754634141921997    -207.588562011719
217.79    -0.661707639694214    -207.436477661133
217.928    -0.728922426700592    -207.436477661133
218.065    -0.580650091171265    -207.815933227539
218.203    -0.628100275993347    -207.588562011719
218.34    -0.604362487792969    -207.512268066406
218.478    -0.545068740844727    -207.968002319336
218.616    -0.667629420757294    -207.512268066406
218.753    -0.606336414813995    -207.588562011719
218.891    -0.750686287879944    -207.588562011719
219.028    -0.723000645637512    -207.664352416992
219.166    -0.726948499679565    -207.588562011719
219.303    -0.75858199596405    -207.550170898438
219.441    -0.570755124092102    -207.740142822266
219.578    -0.630074203014374    -207.664352416992
219.716    -0.537147700786591    -207.550170898438
219.853    -0.762529850006104    -207.588562011719
219.991    -0.697288990020752    -207.588562011719
220.128    -0.75266021490097    -207.398590087891
220.266    -0.800110399723053    -207.550170898438
220.404    -0.6320481300354    -207.664352416992
220.541    -0.723000645637512    -207.550170898438
220.679    -0.564833343029022    -207.664352416992
220.816    -0.620179235935211    -207.626449584961
220.954    -0.606336414813995    -207.550170898438
221.091    -0.558886229991913    -207.588562011719
221.229    -0.756608068943024    -207.740142822266
221.366    -0.641943097114563    -207.474380493164
221.504    -0.754634141921997    -207.550170898438
221.641    -0.766503036022186    -207.778030395508
221.779    -0.665655493736267    -207.588562011719
221.916    -0.738817393779755    -207.436477661133
222.054    -0.586571872234344    -207.778030395508
222.191    -0.635995984077454    -207.398590087891
222.329    -0.586571872234344    -207.436477661133
222.466    -0.566807270050049    -207.778030395508
222.604    -0.748687028884888    -207.664352416992
222.742    -0.594492852687836    -207.740142822266
222.879    -0.75858199596405    -207.664352416992
223.017    -0.760555922985077    -207.778030395508
223.154    -0.683446168899536    -207.588562011719
223.292    -0.750686287879944    -207.398590087891
223.429    -0.572729051113129    -207.702239990234
223.567    -0.649838805198669    -207.512268066406
223.704    -0.584597945213318    -207.740142822266
223.842    -0.552964448928833    -207.702239990234
223.979    -0.695315062999725    -207.550170898438
224.117    -0.711131811141968    -207.664352416992
224.254    -0.748687028884888    -207.588562011719
224.392    -0.628100275993347    -207.664352416992
224.53    -0.701236844062805    -207.588562011719
224.667    -0.547042667865753    -207.512268066406
224.805    -0.604362487792969    -207.892211914063
224.942    -0.618205308914185    -207.550170898438
225.08    -0.574702978134155    -207.626449584961
225.217    -0.742765247821808    -207.512268066406
225.355    -0.67555046081543    -207.322799682617
225.492    -0.754634141921997    -207.512268066406
225.63    -0.77045089006424    -207.930114746094
225.767    -0.628100275993347    -207.702239990234
225.905    -0.705210030078888    -207.436477661133
226.042    -0.550990521907806    -207.740142822266
226.18    -0.582624018192291    -207.550170898438
226.317    -0.600414633750916    -207.474380493164
226.455    -0.566807270050049    -207.664352416992
226.592    -0.736843466758728    -207.892211914063
226.73    -0.657759785652161    -207.664352416992
226.868    -0.748687028884888    -207.664352416992
227.005    -0.782319724559784    -207.778030395508
227.143    -0.665655493736267    -207.512268066406
227.28    -0.707183957099915    -207.398590087891
227.418    -0.562859416007996    -207.702239990234
227.555    -0.616231381893158    -207.85383605957
227.693    -0.602388560771942    -207.550170898438
227.83    -0.547042667865753    -207.702239990234
227.968    -0.748687028884888    -207.740142822266
228.105    -0.608335673809052    -207.512268066406
228.243    -0.746713101863861    -207.740142822266
228.381    -0.762529850006104    -207.664352416992
228.518    -0.657759785652161    -207.512268066406
228.656    -0.732870280742645    -207.512268066406
228.793    -0.566807270050049    -207.815933227539
228.931    -0.66960334777832    -207.512268066406
229.068    -0.576702237129211    -207.550170898438
229.206    -0.768476963043213    -207.550170898438
229.343    -0.707183957099915    -207.474380493164
229.481    -0.721026718616486    -207.398590087891
229.618    -0.776372671127319    -207.740142822266
229.756    -0.596466779708862    -208.005905151367
229.893    -0.699262917041779    -207.398590087891
230.031    -0.550990521907806    -207.664352416992
230.168    -0.590519726276398    -207.664352416992
230.306    -0.661707639694214    -207.512268066406
230.444    -0.566807270050049    -207.550170898438
230.581    -0.742765247821808    -207.892211914063
230.719    -0.679498314857483    -207.626449584961
230.856    -0.726948499679565    -207.740142822266
230.994    -0.756608068943024    -207.778030395508
231.131    -0.618205308914185    -207.740142822266
231.269    -0.689393281936646    -207.398590087891
231.406    -0.54306948184967    -207.702239990234
231.544    -0.582624018192291    -207.740142822266
231.681    -0.628100275993347    -207.588562011719
231.819    -0.558886229991913    -207.664352416992
231.956    -0.740791320800781    -207.626449584961
232.094    -0.68147224187851    -207.512268066406
232.231    -0.726948499679565    -207.588562011719
232.369    -0.734869539737701    -207.588562011719
232.507    -0.584597945213318    -207.436477661133
232.644    -0.715079665184021    -207.398590087891
232.782    -0.545068740844727    -207.664352416992
232.919    -0.584597945213318    -207.778030395508
233.057    -0.602388560771942    -207.550170898438
233.194    -0.572729051113129    -207.626449584961
233.332    -0.738817393779755    -207.664352416992
233.469    -0.66368156671524    -207.436477661133
233.607    -0.748687028884888    -207.588562011719
233.744    -0.552964448928833    -207.588562011719
233.882    -0.641943097114563    -207.626449584961
234.019    -0.552964448928833    -207.550170898438
234.157    -0.552964448928833    -207.588562011719
234.295    -0.701236844062805    -207.512268066406
234.432    -0.608335673809052    -207.322799682617
234.57    -0.750686287879944    -207.664352416992
234.707    -0.742765247821808    -207.588562011719
234.845    -0.683446168899536    -207.398590087891
234.982    -0.726948499679565    -207.512268066406
235.12    -0.550990521907806    -207.550170898438
235.257    -0.641943097114563    -207.815933227539
235.395    -0.550990521907806    -207.626449584961
235.532    -0.541095554828644    -207.512268066406
235.67    -0.683446168899536    -207.436477661133
235.807    -0.602388560771942    -207.474380493164
235.945    -0.736843466758728    -207.588562011719
236.083    -0.744739174842834    -207.664352416992
236.22    -0.707183957099915    -207.664352416992
236.358    -0.740791320800781    -207.474380493164
236.495    -0.55493837594986    -207.436477661133
236.633    -0.624152421951294    -207.398590087891
236.77    -0.550990521907806    -207.626449584961
236.908    -0.54901659488678    -207.702239990234
237.045    -0.653786659240723    -207.360687255859
237.183    -0.558886229991913    -207.474380493164
237.32    -0.762529850006104    -207.664352416992
237.458    -0.719052791595459    -207.815933227539
237.595    -0.691367208957672    -207.398590087891
237.733    -0.746713101863861    -207.398590087891
237.87    -0.586571872234344    -207.512268066406
238.008    -0.590519726276398    -207.512268066406
238.146    -0.531225919723511    -207.968002319336
238.283    -0.756608068943024    -207.436477661133
238.421    -0.63796991109848    -207.436477661133
238.558    -0.732870280742645    -207.664352416992
238.696    -0.760555922985077    -207.588562011719
238.833    -0.622153162956238    -207.664352416992
238.971    -0.691367208957672    -207.664352416992
239.108    -0.550990521907806    -207.892211914063
239.246    -0.562859416007996    -207.815933227539
239.383    -0.626126348972321    -207.360687255859
239.521    -0.533199846744537    -207.778030395508
239.658    -0.750686287879944    -207.664352416992
239.796    -0.620179235935211    -207.512268066406
239.933    -0.732870280742645    -207.664352416992
240.07    -0.772424817085266    -207.85383605957
240.208    -0.645890951156616    -207.436477661133
240.345    -0.711131811141968    -207.626449584961
240.483    -0.547042667865753    -207.588562011719
240.62    -0.592518925666809    -207.664352416992
240.758    -0.596466779708862    -207.550170898438
240.896    -0.570755124092102    -207.512268066406
241.033    -0.742765247821808    -207.85383605957
241.171    -0.64391702413559    -207.474380493164
241.308    -0.738817393779755    -207.664352416992
241.446    -0.776372671127319    -207.626449584961
241.583    -0.683446168899536    -207.284896850586
241.721    -0.695315062999725    -207.322799682617
241.859    -0.556912302970886    -207.740142822266
241.996    -0.624152421951294    -207.588562011719
242.134    -0.586571872234344    -207.815933227539
242.271    -0.54306948184967    -207.778030395508
242.409    -0.736843466758728    -207.664352416992
242.547    -0.598440706729889    -207.436477661133
242.684    -0.744739174842834    -207.360687255859
242.822    -0.742765247821808    -207.664352416992
242.959    -0.651812732219696    -207.588562011719
243.097    -0.699262917041779    -207.284896850586
243.235    -0.541095554828644    -207.815933227539
243.372    -0.598440706729889    -207.740142822266
243.51    -0.578676164150238    -207.512268066406
243.647    -0.507488191127777    -207.815933227539
243.785    -0.750686287879944    -207.815933227539
243.923    -0.598440706729889    -207.512268066406
244.06    -0.742765247821808    -207.512268066406
244.198    -0.54901659488678    -207.550170898438
244.335    -0.66960334777832    -207.512268066406
244.473    -0.558886229991913    -207.588562011719
244.61    -0.539121627807617    -207.740142822266
244.748    -0.693341135978699    -207.512268066406
244.886    -0.604362487792969    -207.550170898438
245.023    -0.740791320800781    -207.892211914063
245.161    -0.717053592205048    -207.815933227539
245.298    -0.68147224187851    -207.588562011719
245.436    -0.721026718616486    -207.778030395508
245.574    -0.560885488986969    -207.740142822266
245.711    -0.679498314857483    -207.436477661133
245.849    -0.568781197071075    -207.664352416992
245.986    -0.547042667865753    -207.815933227539
246.124    -0.667629420757294    -207.436477661133
246.262    -0.574702978134155    -207.664352416992
246.399    -0.736843466758728    -207.512268066406
246.537    -0.723000645637512    -207.664352416992
246.674    -0.679498314857483    -207.360687255859
246.812    -0.734869539737701    -207.892211914063
246.949    -0.568781197071075    -207.892211914063
247.087    -0.612283527851105    -207.474380493164
247.225    -0.541095554828644    -207.664352416992
247.362    -0.541095554828644    -208.119598388672
247.5    -0.679498314857483    -207.815933227539
247.637    -0.572729051113129    -207.474380493164
247.775    -0.754634141921997    -207.85383605957
247.913    -0.707183957099915    -207.512268066406
248.05    -0.673576533794403    -207.474380493164
248.188    -0.742765247821808    -207.702239990234
248.325    -0.574702978134155    -207.588562011719
248.463    -0.624152421951294    -207.512268066406
248.601    -0.52330493927002    -207.664352416992
248.738    -0.525278866291046    -207.892211914063
248.876    -0.695315062999725    -207.398590087891
249.013    -0.568781197071075    -207.550170898438
249.151    -0.748687028884888    -207.85383605957
249.288    -0.715079665184021    -207.512268066406
249.426    -0.693341135978699    -207.436477661133
249.564    -0.742765247821808    -207.892211914063
249.701    -0.541095554828644    -207.588562011719
249.839    -0.661707639694214    -207.512268066406
249.976    -0.550990521907806    -207.664352416992
250.114    -0.562859416007996    -207.815933227539
250.252    -0.677524387836456    -207.702239990234
250.389    -0.584597945213318    -207.588562011719
250.527    -0.760555922985077    -207.588562011719
250.664    -0.726948499679565    -207.815933227539
250.802    -0.709157884120941    -207.512268066406
250.94    -0.721026718616486    -207.588562011719
251.077    -0.552964448928833    -207.815933227539
251.215    -0.592518925666809    -207.778030395508
251.352    -0.54901659488678    -207.550170898438
251.49    -0.537147700786591    -207.85383605957
251.628    -0.667629420757294    -207.588562011719
251.765    -0.562859416007996    -207.588562011719
251.903    -0.730896353721619    -207.778030395508
252.04    -0.556912302970886    -207.626449584961
252.178    -0.693341135978699    -207.398590087891
252.316    -0.558886229991913    -207.664352416992
252.453    -0.547042667865753    -207.892211914063
252.591    -0.635995984077454    -207.474380493164
252.728    -0.564833343029022    -207.436477661133
252.866    -0.742765247821808    -207.740142822266
253.003    -0.713105738162994    -207.398590087891
253.141    -0.717053592205048    -207.436477661133
253.279    -0.742765247821808    -207.892211914063
253.416    -0.602388560771942    -207.588562011719
253.554    -0.645890951156616    -207.626449584961
253.691    -0.533199846744537    -207.815933227539
253.829    -0.541095554828644    -207.740142822266
253.967    -0.659733712673187    -207.512268066406
254.104    -0.564833343029022    -207.626449584961
254.242    -0.75266021490097    -207.702239990234
254.379    -0.707183957099915    -207.512268066406
254.517    -0.693341135978699    -207.512268066406
254.655    -0.756608068943024    -207.740142822266
254.792    -0.576702237129211    -207.664352416992
254.93    -0.657759785652161    -207.740142822266
255.067    -0.550990521907806    -207.815933227539
255.205    -0.535173773765564    -207.815933227539
255.342    -0.657759785652161    -207.512268066406
255.48    -0.596466779708862    -207.550170898438
255.618    -0.744739174842834    -207.815933227539
255.755    -0.707183957099915    -207.664352416992
255.893    -0.693341135978699    -207.512268066406
256.03    -0.742765247821808    -207.740142822266
256.168    -0.558886229991913    -207.968002319336
256.306    -0.647864878177643    -207.474380493164
256.443    -0.537147700786591    -207.664352416992
256.581    -0.547042667865753    -207.512268066406
256.718    -0.68147224187851    -207.815933227539
256.856    -0.560885488986969    -207.436477661133
256.993    -0.744739174842834    -207.778030395508
257.131    -0.689393281936646    -207.398590087891
257.269    -0.701236844062805    -207.550170898438
257.406    -0.75858199596405    -207.702239990234
257.544    -0.550990521907806    -207.740142822266
257.681    -0.66960334777832    -207.702239990234
257.819    -0.547042667865753    -207.815933227539
257.957    -0.541095554828644    -207.740142822266
258.094    -0.671602606773376    -207.664352416992
258.232    -0.55493837594986    -207.398590087891
258.369    -0.750686287879944    -207.664352416992
258.507    -0.732870280742645    -207.664352416992
258.645    -0.693341135978699    -207.550170898438
258.782    -0.713105738162994    -207.626449584961
258.92    -0.566807270050049    -207.968002319336
259.057    -0.651812732219696    -207.626449584961
259.195    -0.558886229991913    -207.588562011719
259.333    -0.539121627807617    -207.588562011719
259.47    -0.67555046081543    -207.588562011719
259.608    -0.685420095920563    -207.588562011719
259.745    -0.744739174842834    -207.740142822266
259.883    -0.560885488986969    -207.892211914063
260.02    -0.68147224187851    -207.550170898438
260.158    -0.539121627807617    -207.626449584961
260.296    -0.54306948184967    -207.512268066406
260.433    -0.651812732219696    -207.398590087891
260.571    -0.535173773765564    -207.664352416992
260.708    -0.780320525169373    -207.778030395508
260.846    -0.673576533794403    -207.740142822266
260.984    -0.717053592205048    -207.664352416992
261.121    -0.726948499679565    -207.778030395508
261.259    -0.576702237129211    -207.664352416992
261.396    -0.645890951156616    -207.740142822266
261.534    -0.545068740844727    -207.664352416992
261.672    -0.539121627807617    -207.968002319336
261.809    -0.635995984077454    -207.550170898438
261.947    -0.574702978134155    -207.512268066406
262.084    -0.754634141921997    -207.740142822266
262.222    -0.723000645637512    -207.588562011719
262.359    -0.683446168899536    -207.436477661133
262.497    -0.728922426700592    -207.626449584961
262.635    -0.552964448928833    -207.588562011719
262.772    -0.630074203014374    -207.474380493164
262.91    -0.537147700786591    -207.588562011719
263.047    -0.537147700786591    -207.968002319336
263.185    -0.657759785652161    -207.322799682617
263.323    -0.558886229991913    -207.474380493164
263.46    -0.744739174842834    -207.740142822266
263.598    -0.705210030078888    -207.436477661133
263.735    -0.66368156671524    -207.474380493164
263.873    -0.715079665184021    -207.588562011719
264.01    -0.580650091171265    -207.702239990234
264.148    -0.606336414813995    -207.778030395508
264.286    -0.533199846744537    -207.550170898438
264.423    -0.529251992702484    -207.815933227539
264.561    -0.677524387836456    -207.398590087891
264.698    -0.596466779708862    -207.360687255859
264.836    -0.742765247821808    -207.740142822266
264.974    -0.717053592205048    -207.778030395508
265.111    -0.653786659240723    -207.436477661133
265.249    -0.730896353721619    -207.85383605957
265.386    -0.570755124092102    -207.740142822266
265.524    -0.661707639694214    -207.398590087891
265.662    -0.574702978134155    -207.360687255859
265.799    -0.51143604516983    -207.815933227539
265.937    -0.66368156671524    -207.815933227539
266.074    -0.537147700786591    -207.740142822266
266.212    -0.736843466758728    -207.892211914063
266.35    -0.693341135978699    -207.815933227539
266.487    -0.671602606773376    -207.322799682617
266.625    -0.713105738162994    -207.626449584961
266.762    -0.54901659488678    -207.778030395508
266.9    -0.635995984077454    -207.740142822266
267.037    -0.552964448928833    -207.398590087891
267.175    -0.738817393779755    -207.664352416992
267.313    -0.667629420757294    -207.815933227539
267.45    -0.738817393779755    -207.474380493164
267.588    -0.750686287879944    -207.550170898438
267.725    -0.568781197071075    -207.284896850586
267.863    -0.689393281936646    -207.512268066406
268.001    -0.51738315820694    -207.778030395508
268.138    -0.533199846744537    -207.626449584961
268.276    -0.649838805198669    -207.588562011719
268.413    -0.513435304164886    -207.588562011719
268.551    -0.726948499679565    -207.892211914063
268.689    -0.685420095920563    -207.702239990234
268.826    -0.715079665184021    -207.436477661133
268.964    -0.723000645637512    -207.588562011719
269.101    -0.541095554828644    -207.588562011719
269.239    -0.647864878177643    -207.588562011719
269.376    -0.545068740844727    -207.664352416992
269.514    -0.568781197071075    -207.815933227539
269.652    -0.64391702413559    -207.436477661133
269.789    -0.54306948184967    -207.626449584961
269.927    -0.748687028884888    -208.005905151367
