sec"    "mA"    "mV
0.154    10.0798282623291    765.978698730469
0.253    9.46892261505127    766.016540527344
0.351    9.10711193084717    766.130249023438
0.449    8.84217548370361    765.902893066406
0.548    8.67611217498779    766.130249023438
0.646    8.56539535522461    766.20654296875
0.744    8.44280910491943    765.902893066406
0.843    8.38943767547607    765.940795898438
0.941    8.28858947753906    765.826599121094
1.039    8.25300884246826    765.864990234375
1.138    8.18381977081299    765.902893066406
1.236    8.15416049957275    766.092346191406
1.334    8.104736328125    765.978698730469
1.433    8.0552864074707    766.20654296875
1.531    8.02167892456055    766.054443359375
1.629    7.98609781265259    766.092346191406
1.728    7.96830701828003    766.168640136719
1.826    7.93470001220703    765.978698730469
1.924    7.9089879989624    766.130249023438
2.023    7.89514541625977    765.902893066406
2.121    7.85364246368408    766.20654296875
2.219    7.82595682144165    765.826599121094
2.318    7.79827117919922    766.054443359375
2.416    7.76466369628906    766.054443359375
2.515    7.73697805404663    765.902893066406
2.613    7.70139646530151    766.130249023438
2.711    7.68557977676392    766.282348632813
2.81    7.66778945922852    766.054443359375
2.908    7.64605093002319    766.016540527344
3.006    7.6163911819458    766.054443359375
3.105    7.61836528778076    765.978698730469
3.203    7.57683658599854    766.054443359375
3.301    7.56101989746094    766.054443359375
3.4    7.54125547409058    766.054443359375
3.498    7.51159572601318    766.20654296875
3.596    7.49183130264282    765.978698730469
3.695    7.45030307769775    766.016540527344
3.793    7.45030307769775    765.978698730469
3.891    7.40879964828491    766.130249023438
3.99    7.3850622177124    765.902893066406
4.088    7.36529731750488    766.168640136719
4.186    7.32376909255981    765.902893066406
4.285    7.30992603302002    766.282348632813
4.383    7.28621387481689    766.20654296875
4.482    7.26445007324219    765.978698730469
4.58    7.23876333236694    766.016540527344
4.678    7.23084259033203    766.054443359375
4.777    7.2189736366272    765.902893066406
4.875    7.17944431304932    766.168640136719
4.973    7.16362762451172    765.902893066406
5.072    7.13594198226929    766.168640136719
5.17    7.12012529373169    765.978698730469
5.268    7.08651781082153    766.358093261719
5.367    7.06872749328613    765.864990234375
5.465    7.03906774520874    765.940795898438
5.563    7.00940847396851    765.902893066406
5.662    6.99359178543091    766.20654296875
5.76    6.95208835601807    765.826599121094
5.858    6.95998430252075    766.20654296875
5.957    6.91845560073853    765.978698730469
6.055    6.91450786590576    766.20654296875
6.153    6.90661239624023    765.902893066406
6.252    6.87100553512573    766.168640136719
6.35    6.85321474075317    765.826599121094
6.449    6.82752847671509    766.244445800781
6.547    6.80181694030762    765.978698730469
6.645    6.7820520401001    766.130249023438
6.744    6.7642617225647    765.750793457031
6.842    6.75436639785767    766.168640136719
6.94    6.7286548614502    765.826599121094
7.039    6.71681118011475    766.054443359375
7.137    6.68517780303955    765.826599121094
7.235    6.67725706100464    766.244445800781
7.334    6.64364957809448    765.902893066406
7.432    6.65157032012939    766.092346191406
7.53    6.61993646621704    765.712890625
7.629    6.61201572418213    766.358093261719
7.727    6.58235597610474    765.826599121094
7.825    6.58630418777466    766.168640136719
7.924    6.5704870223999    765.978698730469
8.022    6.5526967048645    766.39599609375
8.12    6.5368800163269    765.712890625
8.219    6.51908922195435    766.130249023438
8.317    6.50129842758179    765.902893066406
8.415    6.49932479858398    765.902893066406
8.514    6.46769094467163    765.864990234375
8.612    6.45977020263672    766.054443359375
8.71    6.45779609680176    766.054443359375
8.809    6.44595241546631    766.20654296875
8.907    6.43605756759644    766.054443359375
9.005    6.41629314422607    766.092346191406
9.104    6.41231966018677    765.826599121094
9.202    6.39255523681641    765.978698730469
9.3    6.37871265411377    766.244445800781
9.399    6.38068628311157    766.130249023438
9.497    6.35894775390625    765.864990234375
9.596    6.35697412490845    766.016540527344
9.694    6.32928848266602    765.902893066406
9.792    6.33126211166382    766.320251464844
9.891    6.30754995346069    765.826599121094
9.989    6.30754995346069    766.130249023438
10.1    -20.2507438659668    -220.45588684082
10.199    -19.4816455841064    -220.45588684082
10.297    -18.9676151275635    -220.607482910156
10.395    -18.5504322052002    -220.569580078125
10.494    -18.176778793335    -220.645858764648
10.592    -17.8446273803711    -220.569580078125
10.69    -17.5777168273926    -220.569580078125
10.789    -17.263355255127    -220.380096435547
10.887    -16.9687595367432    -220.569580078125
10.985    -16.6326599121094    -220.380096435547
11.084    -16.2570056915283    -220.303817749023
11.182    -15.8833513259888    -220.493789672852
11.28    -15.4879331588745    -220.417999267578
11.379    -15.0351696014404    -220.45588684082
11.477    -14.6041698455811    -220.797439575195
11.575    -14.151406288147    -220.380096435547
11.674    -13.6393489837646    -220.607482910156
11.772    -13.1332139968872    -220.380096435547
11.871    -12.5618371963501    -220.45588684082
11.969    -12.0003309249878    -220.607482910156
12.067    -11.415111541748    -220.569580078125
12.166    -10.7191753387451    -220.380096435547
12.264    -10.0687160491943    -220.569580078125
12.362    -9.35893630981445    -220.417999267578
12.461    -8.55228328704834    -220.569580078125
12.559    -7.77726316452026    -220.45588684082
12.657    -6.98050498962402    -220.45588684082
12.756    -6.19559049606323    -220.303817749023
12.854    -5.5471043586731    -220.569580078125
12.952    -4.9935188293457    -220.417999267578
13.051    -4.48935699462891    -220.493789672852
13.149    -4.08604288101196    -220.342193603516
13.247    -3.72423219680786    -220.531677246094
13.346    -3.41974091529846    -220.45588684082
13.444    -3.18448925018311    -220.569580078125
13.542    -2.92744827270508    -220.45588684082
13.641    -2.74754238128662    -220.645858764648
13.739    -2.56763672828674    -220.569580078125
13.837    -2.42328691482544    -220.45588684082
13.936    -2.2809362411499    -220.569580078125
14.034    -2.15440225601196    -220.45588684082
14.132    -2.04963231086731    -220.493789672852
14.231    -1.94483697414398    -220.531677246094
14.329    -1.87564826011658    -220.531677246094
14.428    -1.79656457901001    -220.531677246094
14.526    -1.72735059261322    -220.45588684082
14.624    -1.66805684566498    -220.45588684082
14.723    -1.62652838230133    -220.531677246094
14.821    -1.58105206489563    -220.531677246094
14.919    -1.53360188007355    -220.569580078125
15.018    -1.49802052974701    -220.569580078125
15.116    -1.45649218559265    -220.45588684082
15.214    -1.42880654335022    -220.645858764648
15.313    -1.3912513256073    -220.303817749023
15.411    -1.36159181594849    -220.531677246094
15.509    -1.34182715415955    -220.569580078125
15.608    -1.29635095596313    -220.380096435547
15.706    -1.29240310192108    -220.531677246094
15.804    -1.25879561901093    -220.493789672852
15.903    -1.24297893047333    -220.493789672852
16.001    -1.22518825531006    -220.493789672852
16.1    -1.20145046710968    -220.380096435547
16.198    -1.1836599111557    -220.45588684082
16.296    -1.15794813632965    -220.380096435547
16.395    -1.16389524936676    -220.68376159668
16.493    -1.1540002822876    -220.68376159668
16.591    -1.14015746116638    -220.303817749023
16.69    -1.11247193813324    -220.569580078125
16.788    -1.09865438938141    -220.569580078125
16.886    -1.0927072763443    -220.493789672852
16.985    -1.07096874713898    -220.569580078125
17.083    -1.05515205860138    -220.45588684082
17.181    -1.04920494556427    -220.380096435547
17.28    -1.04130923748016    -220.417999267578
17.378    -1.02944040298462    -220.493789672852
17.476    -1.04130923748016    -220.569580078125
17.575    -1.01957070827484    -220.493789672852
17.673    -0.995832979679108    -220.303817749023
17.771    -0.991885125637054    -220.380096435547
17.87    -1.01164972782135    -220.531677246094
17.968    -0.997806906700134    -220.493789672852
18.067    -0.980016231536865    -220.569580078125
18.165    -0.974094450473785    -220.380096435547
18.263    -0.968147397041321    -220.759552001953
18.362    -0.944434940814972    -220.417999267578
18.46    -0.950356721878052    -220.45588684082
18.558    -0.932566046714783    -220.22802734375
18.657    -0.92267107963562    -220.607482910156
18.755    -0.918723225593567    -220.645858764648
18.853    -0.904880464076996    -220.493789672852
18.952    -0.926644265651703    -220.493789672852
19.05    -0.896984755992889    -220.342193603516
19.148    -0.912801444530487    -220.493789672852
19.247    -0.924670338630676    -220.68376159668
19.345    -0.896984755992889    -220.45588684082
19.444    -0.895010828971863    -220.493789672852
19.542    -0.87919408082962    -220.417999267578
19.64    -0.900932610034943    -220.645858764648
19.739    -0.875220894813538    -220.380096435547
19.837    -0.881168007850647    -220.607482910156
19.935    -0.867325186729431    -220.303817749023
20.157    12.0589189529419    766.282348632813
20.255    10.6037797927856    766.054443359375
20.354    9.9493465423584    766.054443359375
20.452    9.52426910400391    766.130249023438
20.55    9.19609069824219    765.864990234375
20.649    8.99244689941406    766.054443359375
20.747    8.84020137786865    766.054443359375
20.846    8.73937892913818    766.092346191406
20.944    8.63655757904053    766.168640136719
21.042    8.55550003051758    766.092346191406
21.141    8.48828506469727    766.168640136719
21.239    8.44675731658936    766.092346191406
21.337    8.35780334472656    766.20654296875
21.436    8.33011817932129    765.902893066406
21.534    8.28069400787354    766.130249023438
21.632    8.22137451171875    766.092346191406
21.731    8.19566345214844    766.016540527344
21.829    8.15018653869629    765.978698730469
21.927    8.10076332092285    765.902893066406
22.026    8.05925941467285    765.788696289063
22.124    8.01970481872559    766.054443359375
22.222    7.99401903152466    766.054443359375
22.321    7.94656848907471    766.016540527344
22.419    7.9070143699646    765.902893066406
22.517    7.86548566818237    766.20654296875
22.616    7.82793045043945    765.940795898438
22.714    7.80221891403198    766.244445800781
22.812    7.75476884841919    766.130249023438
22.911    7.73697805404663    766.433898925781
23.009    7.70139646530151    766.092346191406
23.107    7.65986824035645    766.130249023438
23.206    7.648024559021    765.902893066406
23.304    7.59067964553833    766.130249023438
23.402    7.56894111633301    765.902893066406
23.501    7.51159572601318    766.20654296875
23.599    7.50370025634766    765.826599121094
23.697    7.45227670669556    766.130249023438
23.796    7.40680074691772    766.054443359375
23.894    7.37914037704468    765.978698730469
23.992    7.33761167526245    765.902893066406
24.091    7.30992603302002    766.282348632813
24.189    7.27631902694702    765.826599121094
24.287    7.24863338470459    766.20654296875
24.386    7.19920921325684    765.902893066406
24.484    7.18339252471924    766.054443359375
24.582    7.15570688247681    766.016540527344
24.681    7.11222982406616    766.054443359375
24.779    7.0944390296936    765.826599121094
24.877    7.05291080474854    766.20654296875
24.976    7.05488443374634    765.826599121094
25.074    6.97974872589111    766.168640136719
25.173    6.95998430252075    766.016540527344
25.271    6.91648197174072    766.320251464844
25.369    6.87497854232788    765.712890625
25.468    6.85916185379028    766.092346191406
25.566    6.82555437088013    765.978698730469
25.664    6.81171178817749    766.016540527344
25.763    6.78402614593506    765.940795898438
25.861    6.76028823852539    766.168640136719
25.959    6.73065423965454    765.902893066406
26.058    6.69109964370728    766.092346191406
26.156    6.66341400146484    765.940795898438
26.254    6.64562320709229    766.130249023438
26.353    6.63970184326172    766.282348632813
26.451    6.59817266464233    766.358093261719
26.549    6.5704870223999    765.864990234375
26.648    6.54874849319458    766.20654296875
26.746    6.50921964645386    765.826599121094
26.844    6.49735069274902    766.054443359375
26.943    6.47163915634155    765.826599121094
27.041    6.45977020263672    766.168640136719
27.139    6.41431903839111    765.864990234375
27.238    6.41034603118896    765.978698730469
27.336    6.40442419052124    765.978698730469
27.434    6.37081670761108    766.20654296875
27.533    6.36486959457397    766.130249023438
27.631    6.33126211166382    766.130249023438
27.729    6.33523559570313    766.054443359375
27.828    6.3095235824585    766.130249023438
27.926    6.2937068939209    765.637084960938
28.024    6.2778902053833    766.168640136719
28.123    6.25415277481079    766.016540527344
28.221    6.24823093414307    765.978698730469
28.32    6.22649240493774    765.902893066406
28.418    6.21264934539795    766.092346191406
28.516    6.19683265686035    766.054443359375
28.615    6.20078039169312    766.20654296875
28.713    6.19088554382324    765.902893066406
28.811    6.17706823348999    766.054443359375
28.91    6.17309474945068    766.130249023438
29.008    6.15925216674805    766.054443359375
29.106    6.13553953170776    766.054443359375
29.205    6.13553953170776    766.092346191406
29.303    6.131591796875    765.637084960938
29.401    6.11380100250244    766.130249023438
29.5    6.10390615463257    765.902893066406
29.598    6.09203720092773    766.244445800781
29.696    6.07424688339233    765.788696289063
29.795    6.08808946609497    766.092346191406
29.893    6.0643515586853    765.750793457031
29.991    6.07424688339233    766.054443359375
30.103    -20.3772773742676    -220.45588684082
30.202    -19.5963363647461    -220.417999267578
30.3    -19.066463470459    -220.493789672852
30.398    -18.6493053436279    -220.303817749023
30.497    -18.3171539306641    -220.607482910156
30.595    -17.95534324646    -220.342193603516
30.693    -17.6805114746094    -220.645858764648
30.792    -17.3938369750977    -220.569580078125
30.89    -17.0893707275391    -220.645858764648
30.988    -16.7591934204102    -220.493789672852
31.087    -16.4389114379883    -220.645858764648
31.185    -16.0474414825439    -220.45588684082
31.283    -15.6895780563354    -220.645858764648
31.382    -15.2823162078857    -220.265914916992
31.48    -14.8176832199097    -220.569580078125
31.578    -14.4163436889648    -220.342193603516
31.677    -13.9220762252808    -220.45588684082
31.775    -13.4614171981812    -220.45588684082
31.873    -12.9928369522095    -220.569580078125
31.972    -12.4313306808472    -220.645858764648
32.07    -11.9093780517578    -220.303817749023
32.168    -11.3716096878052    -220.45588684082
32.267    -10.7666254043579    -220.645858764648
32.365    -10.15966796875    -220.417999267578
32.463    -9.54478931427002    -220.531677246094
32.562    -8.84290599822998    -220.45588684082
32.66    -8.17268180847168    -220.303817749023
32.759    -7.45895481109619    -220.380096435547
32.857    -6.66417026519775    -220.721649169922
32.955    -5.97218227386475    -220.493789672852
33.054    -5.3019323348999    -220.721649169922
33.152    -4.77998018264771    -220.45588684082
33.25    -4.3569016456604    -220.721649169922
33.349    -3.91403293609619    -220.493789672852
33.447    -3.5996720790863    -220.797439575195
33.545    -3.31694483757019    -220.342193603516
33.644    -3.04213857650757    -220.569580078125
33.742    -2.8404688835144    -220.493789672852
33.84    -2.64672040939331    -220.569580078125
33.939    -2.47073698043823    -220.417999267578
34.037    -2.32641243934631    -220.721649169922
34.135    -2.20977354049683    -220.68376159668
34.234    -2.0595018863678    -220.380096435547
34.332    -1.98833930492401    -220.45588684082
34.43    -1.89541280269623    -220.607482910156
34.529    -1.83017194271088    -220.493789672852
34.627    -1.77282679080963    -220.569580078125
34.726    -1.70166420936584    -220.417999267578
34.824    -1.66408360004425    -220.645858764648
34.922    -1.60676383972168    -220.721649169922
35.021    -1.56720924377441    -220.493789672852
35.119    -1.53162801265717    -220.569580078125
35.217    -1.48417782783508    -220.607482910156
35.316    -1.45451819896698    -220.493789672852
35.414    -1.4070680141449    -220.569580078125
35.512    -1.38730347156525    -220.45588684082
35.611    -1.36159181594849    -220.493789672852
35.709    -1.32798433303833    -220.45588684082
35.807    -1.30227267742157    -220.569580078125
35.906    -1.30029881000519    -220.531677246094
36.004    -1.26274347305298    -220.380096435547
36.102    -1.25087463855743    -220.835342407227
36.201    -1.23111009597778    -220.569580078125
36.299    -1.22121512889862    -220.569580078125
36.397    -1.20145046710968    -220.45588684082
36.496    -1.19155561923981    -220.531677246094
36.594    -1.15597426891327    -220.493789672852
36.693    -1.17179095745087    -220.45588684082
36.791    -1.13620960712433    -220.45588684082
36.889    -1.13028788566589    -220.45588684082
36.988    -1.11447107791901    -220.493789672852
37.086    -1.08083844184875    -220.569580078125
37.184    -1.08083844184875    -220.45588684082
37.283    -1.06304776668549    -220.645858764648
37.381    -1.07886445522308    -220.45588684082
37.479    -1.04920494556427    -220.531677246094
37.578    -1.04920494556427    -220.45588684082
37.676    -1.03736138343811    -220.417999267578
37.774    -1.02549254894257    -220.531677246094
37.873    -1.02351856231689    -220.531677246094
37.971    -1.0077018737793    -220.380096435547
38.069    -1.01164972782135    -220.645858764648
38.168    -0.991885125637054    -220.493789672852
38.266    -0.983964085578918    -220.493789672852
38.364    -0.972120523452759    -220.342193603516
38.463    -0.970121324062347    -220.645858764648
38.561    -0.968147397041321    -220.645858764648
38.66    -0.932566046714783    -220.569580078125
38.758    -0.958277702331543    -220.380096435547
38.856    -0.944434940814972    -220.569580078125
38.955    -0.940487086772919    -220.645858764648
39.053    -0.940487086772919    -220.45588684082
39.151    -0.930592119693756    -220.531677246094
39.25    -0.936513900756836    -220.645858764648
39.348    -0.918723225593567    -220.493789672852
39.446    -0.924670338630676    -220.493789672852
39.545    -0.900932610034943    -220.417999267578
39.643    -0.900932610034943    -220.380096435547
39.741    -0.900932610034943    -220.493789672852
39.84    -0.869299113750458    -220.645858764648
39.938    -0.8851158618927    -220.342193603516
40.16    12.0213384628296    766.092346191406
40.258    10.6788902282715    766.016540527344
40.357    9.96713733673096    766.168640136719
40.455    9.53219032287598    765.978698730469
40.554    9.2316722869873    766.092346191406
40.652    9.01418590545654    765.978698730469
40.75    8.87380886077881    766.20654296875
40.849    8.75519561767578    766.092346191406
40.947    8.65832138061523    766.054443359375
41.045    8.5752649307251    766.054443359375
41.144    8.51002407073975    766.358093261719
41.242    8.44675731658936    765.940795898438
41.34    8.3973331451416    766.130249023438
41.439    8.33406639099121    766.168640136719
41.537    8.30045890808105    766.130249023438
41.635    8.24508762359619    765.750793457031
41.734    8.20358467102051    766.054443359375
41.832    8.16205596923828    766.016540527344
41.93    8.11460590362549    766.130249023438
42.029    8.08494567871094    766.130249023438
42.127    8.03157424926758    766.092346191406
42.225    7.99796676635742    766.054443359375
42.324    7.95051670074463    766.168640136719
42.422    7.9248046875    765.902893066406
42.52    7.86945915222168    766.092346191406
42.619    7.83187818527222    765.788696289063
42.717    7.80816602706909    766.244445800781
42.815    7.77058553695679    765.978698730469
42.914    7.72908210754395    766.130249023438
43.012    7.69942283630371    765.788696289063
43.11    7.66186761856079    766.092346191406
43.209    7.64010381698608    765.940795898438
43.307    7.58673191070557    766.054443359375
43.405    7.54322957992554    765.978698730469
43.504    7.49972724914551    765.978698730469
43.602    7.47006750106812    766.054443359375
43.7    7.4325122833252    766.054443359375
43.799    7.39298295974731    765.978698730469
43.897    7.35935020446777    766.130249023438
43.995    7.32971620559692    765.826599121094
44.094    7.29213571548462    766.054443359375
44.192    7.24863338470459    765.940795898438
44.29    7.22492074966431    766.282348632813
44.389    7.19526100158691    765.940795898438
44.487    7.14583730697632    766.054443359375
44.585    7.1418890953064    765.978698730469
44.684    7.07662296295166    766.054443359375
44.782    7.06872749328613    765.902893066406
44.88    7.00940847396851    766.282348632813
44.979    6.96195793151855    765.750793457031
45.077    6.95208835601807    766.20654296875
45.175    6.8947434425354    765.788696289063
45.274    6.87497854232788    766.130249023438
45.372    6.84531927108765    765.864990234375
45.47    6.81763362884521    766.130249023438
45.569    6.77810430526733    765.750793457031
45.667    6.75831460952759    766.282348632813
45.765    6.74249792098999    765.978698730469
45.864    6.68912553787231    766.054443359375
45.962    6.68517780303955    766.054443359375
46.06    6.64167547225952    766.016540527344
46.159    6.62980651855469    765.712890625
46.257    6.58630418777466    766.20654296875
46.355    6.54874849319458    765.940795898438
46.454    6.53293180465698    766.092346191406
46.552    6.48745584487915    766.054443359375
46.651    6.49340295791626    765.978698730469
46.749    6.44197940826416    765.940795898438
46.847    6.4241886138916    766.130249023438
46.946    6.41034603118896    765.826599121094
47.044    6.39650297164917    766.20654296875
47.142    6.35894775390625    765.788696289063
47.241    6.33720922470093    766.092346191406
47.339    6.33126211166382    766.016540527344
47.437    6.30557584762573    766.20654296875
47.536    6.28778505325317    766.092346191406
47.634    6.26996946334839    766.054443359375
47.732    6.22649240493774    765.902893066406
47.831    6.23636198043823    766.510192871094
47.929    6.19683265686035    766.130249023438
48.027    6.19485902786255    766.092346191406
48.126    6.17904186248779    765.940795898438
48.224    6.1632251739502    766.20654296875
48.322    6.12564468383789    766.054443359375
48.421    6.13356590270996    766.20654296875
48.519    6.13356590270996    766.054443359375
48.617    6.10785388946533    766.016540527344
48.716    6.0940113067627    766.130249023438
48.814    6.08216762542725    765.788696289063
48.912    6.07622051239014    765.864990234375
49.011    6.05843019485474    766.092346191406
49.109    6.04063940048218    766.130249023438
49.207    6.04458713531494    766.016540527344
49.306    6.01097965240479    765.940795898438
49.404    6.01295375823975    766.130249023438
49.502    5.98329401016235    765.902893066406
49.601    5.99318933486938    765.940795898438
49.699    5.98329401016235    766.20654296875
49.797    5.98132038116455    765.902893066406
49.896    5.96352958679199    765.902893066406
49.994    5.96945142745972    766.20654296875
50.106    -20.4306488037109    -220.45588684082
50.205    -19.6259708404541    -220.303817749023
50.303    -19.1455459594727    -220.417999267578
50.401    -18.6809387207031    -220.531677246094
50.5    -18.3448143005371    -220.380096435547
50.598    -18.0225582122803    -220.645858764648
50.696    -17.7101707458496    -220.569580078125
50.795    -17.4254703521729    -220.303817749023
50.893    -17.1387958526611    -220.531677246094
50.991    -16.8105926513672    -220.380096435547
51.09    -16.4705448150635    -220.45588684082
51.188    -16.1284980773926    -220.531677246094
51.286    -15.7251844406128    -220.493789672852
51.385    -15.339635848999    -220.342193603516
51.483    -14.8928194046021    -220.45588684082
51.581    -14.4815845489502    -220.493789672852
51.68    -14.0664014816284    -220.493789672852
51.778    -13.5523443222046    -220.380096435547
51.876    -13.08971118927    -220.303817749023
51.975    -12.6112613677979    -220.417999267578
52.073    -12.0398855209351    -220.531677246094
52.171    -11.5159597396851    -220.531677246094
52.27    -10.9584007263184    -220.493789672852
52.368    -10.3613128662109    -220.531677246094
52.466    -9.78401470184326    -220.721649169922
52.565    -9.17705631256104    -220.68376159668
52.663    -8.45146083831787    -220.417999267578
52.762    -7.77134132385254    -220.569580078125
52.86    -6.98642635345459    -220.303817749023
52.958    -6.28256988525391    -220.45588684082
53.057    -5.64990043640137    -220.45588684082
53.155    -5.01723098754883    -220.417999267578
53.253    -4.54867601394653    -220.531677246094
53.352    -4.12951993942261    -220.380096435547
53.45    -3.73607563972473    -220.531677246094
53.548    -3.44940042495728    -220.607482910156
53.647    -3.15877747535706    -220.45588684082
53.745    -2.9096577167511    -220.380096435547
53.843    -2.71788287162781    -220.380096435547
53.942    -2.54192495346069    -220.645858764648
54.04    -2.37783575057983    -220.342193603516
54.138    -2.25327587127686    -220.417999267578
54.237    -2.118821144104    -220.380096435547
54.335    -2.00612998008728    -220.342193603516
54.433    -1.94483697414398    -220.303817749023
54.532    -1.85388445854187    -220.45588684082
54.63    -1.80248641967773    -220.417999267578
54.728    -1.75898396968842    -220.45588684082
54.827    -1.68187427520752    -220.45588684082
54.925    -1.62258052825928    -220.45588684082
55.024    -1.57513034343719    -220.417999267578
55.122    -1.54349684715271    -220.45588684082
55.22    -1.49802052974701    -220.380096435547
55.319    -1.45057034492493    -220.607482910156
55.417    -1.43672752380371    -220.569580078125
55.515    -1.39322519302368    -220.569580078125
55.614    -1.36356568336487    -220.303817749023
55.712    -1.33985328674316    -220.493789672852
55.81    -1.32403647899628    -220.303817749023
55.909    -1.29635095596313    -220.380096435547
56.007    -1.28250813484192    -220.45588684082
56.105    -1.26669132709503    -220.493789672852
56.204    -1.23703181743622    -220.493789672852
56.302    -1.20937156677246    -220.493789672852
56.4    -1.20539832115173    -220.417999267578
56.499    -1.20539832115173    -220.531677246094
56.597    -1.16784310340881    -220.380096435547
56.695    -1.15794813632965    -220.380096435547
56.794    -1.14015746116638    -220.303817749023
56.892    -1.13028788566589    -220.380096435547
56.991    -1.12039291858673    -220.380096435547
57.089    -1.10457623004913    -220.797439575195
57.187    -1.07886445522308    -220.303817749023
57.286    -1.08083844184875    -220.645858764648
57.384    -1.0768905878067    -220.45588684082
57.482    -1.06304776668549    -220.531677246094
57.581    -1.05120420455933    -220.303817749023
57.679    -1.04723107814789    -220.68376159668
57.777    -1.02944040298462    -220.417999267578
57.876    -1.01757144927979    -220.417999267578
57.974    -1.02351856231689    -220.342193603516
58.072    -1.02746641635895    -220.569580078125
58.171    -1.0155975818634    -220.303817749023
58.269    -1.00572788715363    -220.342193603516
58.367    -0.985938012599945    -220.380096435547
58.466    -0.981990158557892    -220.493789672852
58.564    -0.968147397041321    -220.380096435547
58.662    -0.960251688957214    -220.493789672852
58.761    -0.946408867835999    -220.380096435547
58.859    -0.958277702331543    -220.45588684082
58.957    -0.944434940814972    -220.493789672852
59.056    -0.948382794857025    -220.569580078125
59.154    -0.940487086772919    -220.22802734375
59.253    -0.934539973735809    -220.493789672852
59.351    -0.92267107963562    -220.380096435547
59.449    -0.928618192672729    -220.569580078125
59.548    -0.91674929857254    -220.45588684082
59.646    -0.912801444530487    -220.569580078125
59.744    -0.900932610034943    -220.265914916992
59.843    -0.900932610034943    -220.380096435547
59.941    -0.89103764295578    -220.417999267578
60.162    11.9560976028442    766.054443359375
60.26    10.6808643341064    765.978698730469
60.359    10.0066919326782    766.130249023438
60.457    9.51439952850342    765.788696289063
60.556    9.22177696228027    766.054443359375
60.654    9.01023769378662    765.940795898438
60.752    8.87578296661377    765.978698730469
60.851    8.74727535247803    766.092346191406
60.949    8.67611217498779    766.130249023438
61.047    8.58713340759277    765.940795898438
61.146    8.51002407073975    766.168640136719
61.244    8.45665168762207    766.016540527344
61.342    8.40128040313721    766.054443359375
61.441    8.34790897369385    766.054443359375
61.539    8.30440616607666    765.978698730469
61.637    8.2510347366333    765.864990234375
61.736    8.20555782318115    765.940795898438
61.834    8.1561336517334    766.054443359375
61.932    8.11855316162109    765.978698730469
62.031    8.07902431488037    765.788696289063
62.129    8.04739093780518    766.016540527344
62.227    7.99401903152466    766.016540527344
62.326    7.96238565444946    765.978698730469
62.424    7.91690921783447    766.054443359375
62.522    7.87340688705444    765.940795898438
62.621    7.82595682144165    765.902893066406
62.719    7.81408786773682    766.244445800781
62.817    7.77058553695679    766.054443359375
62.916    7.71918725967407    765.712890625
63.014    7.69350099563599    765.826599121094
63.112    7.65789413452148    765.940795898438
63.211    7.60847043991089    766.054443359375
63.309    7.58078479766846    765.864990234375
63.407    7.52938652038574    765.902893066406
63.506    7.49775314331055    765.750793457031
63.604    7.46217155456543    766.016540527344
63.702    7.42659044265747    766.130249023438
63.801    7.38703584671021    766.20654296875
63.899    7.34353351593018    765.826599121094
63.997    7.30597829818726    766.20654296875
64.096    7.26842308044434    766.054443359375
64.194    7.23876333236694    766.20654296875
64.292    7.18339252471924    765.902893066406
64.391    7.16954946517944    766.016540527344
64.489    7.12804651260376    765.864990234375
64.587    7.09243965148926    766.016540527344
64.686    7.05883264541626    765.826599121094
64.784    7.02127695083618    766.054443359375
64.882    6.99161767959595    765.978698730469
64.981    6.95208835601807    766.244445800781
65.079    6.91648197174072    765.978698730469
65.177    6.8789267539978    765.902893066406
65.276    6.83147621154785    765.674987792969
65.374    6.80973768234253    766.130249023438
65.472    6.7820520401001    765.978698730469
65.571    6.74647092819214    765.978698730469
65.669    6.69504737854004    766.016540527344
65.768    6.697021484375    766.168640136719
65.866    6.64759731292725    765.902893066406
65.964    6.62388467788696    766.092346191406
66.063    6.60806798934937    765.978698730469
66.161    6.5704870223999    766.130249023438
66.259    6.53095817565918    766.130249023438
66.358    6.51711511611938    766.39599609375
66.456    6.48942947387695    765.599243164063
66.554    6.45779609680176    766.130249023438
66.653    6.41431903839111    765.902893066406
66.751    6.4222149848938    766.168640136719
66.849    6.37081670761108    765.902893066406
66.948    6.36486959457397    766.130249023438
67.046    6.32731437683105    765.940795898438
67.144    6.3095235824585    766.092346191406
67.243    6.30160284042358    766.054443359375
67.341    6.25415277481079    766.130249023438
67.439    6.25020456314087    765.674987792969
67.538    6.22649240493774    766.282348632813
67.636    6.19880676269531    765.902893066406
67.734    6.20472860336304    766.130249023438
67.833    6.17506885528564    765.826599121094
67.931    6.15727806091309    766.130249023438
68.029    6.12761878967285    765.750793457031
68.128    6.12564468383789    765.826599121094
68.226    6.10785388946533    765.940795898438
68.324    6.07424688339233    765.978698730469
68.423    6.07029867172241    766.016540527344
68.521    6.06040382385254    765.902893066406
68.619    6.04853487014771    765.750793457031
68.718    6.03669166564941    766.130249023438
68.816    6.01492786407471    765.864990234375
68.914    6.01890087127686    765.902893066406
69.013    6.01295375823975    766.168640136719
69.111    5.99318933486938    766.244445800781
69.209    5.97737216949463    766.168640136719
69.308    5.95760774612427    765.978698730469
69.406    5.94771289825439    766.054443359375
69.504    5.96945142745972    766.282348632813
69.603    5.92992210388184    766.016540527344
69.701    5.94771289825439    765.978698730469
69.799    6.28381204605103    765.864990234375
69.898    6.58630418777466    766.054443359375
69.996    6.7346019744873    765.902893066406
70.108    -21.8284702301025    -220.417999267578
70.207    -20.7410621643066    -220.569580078125
70.305    -20.4148330688477    -220.265914916992
70.403    -19.9640693664551    -220.607482910156
70.502    -19.7999534606934    -220.417999267578
70.6    -19.5152530670166    -220.417999267578
70.698    -19.2443943023682    -220.493789672852
70.797    -18.7778129577637    -220.531677246094
70.895    -18.3052864074707    -220.380096435547
70.993    -17.8723125457764    -220.45588684082
71.092    -17.3879146575928    -220.303817749023
71.19    -16.935152053833    -220.493789672852
71.288    -16.413200378418    -220.303817749023
71.387    -15.9169588088989    -220.45588684082
71.485    -15.4127979278564    -220.45588684082
71.583    -14.855263710022    -220.645858764648
71.682    -14.2937574386597    -220.417999267578
71.78    -13.7698307037354    -220.190124511719
71.878    -13.1490306854248    -220.569580078125
71.977    -12.5736808776855    -220.493789672852
72.075    -11.9489326477051    -220.380096435547
72.173    -11.3024206161499    -220.607482910156
72.272    -10.6677770614624    -220.493789672852
72.37    -10.0548725128174    -220.607482910156
72.468    -9.31148624420166    -220.531677246094
72.567    -8.58391666412354    -220.45588684082
72.665    -7.75355100631714    -220.645858764648
72.763    -6.97258377075195    -220.45588684082
72.862    -6.22722387313843    -220.645858764648
72.96    -5.49173307418823    -220.45588684082
73.058    -4.91640901565552    -220.493789672852
73.157    -4.44982767105103    -220.493789672852
73.255    -3.98322153091431    -220.380096435547
73.353    -3.64117527008057    -220.493789672852
73.452    -3.35252618789673    -220.265914916992
73.55    -3.07377219200134    -220.493789672852
73.648    -2.86615538597107    -220.531677246094
73.747    -2.66253709793091    -220.45588684082
73.845    -2.49250078201294    -220.607482910156
73.944    -2.34025526046753    -220.569580078125
74.042    -2.20977354049683    -220.531677246094
74.14    -2.10300421714783    -220.190124511719
74.239    -2.01405096054077    -220.493789672852
74.337    -1.92902028560638    -220.493789672852
74.435    -1.84598875045776    -220.45588684082
74.534    -1.7906174659729    -220.45588684082
74.632    -1.72340273857117    -220.68376159668
74.73    -1.67397856712341    -220.493789672852
74.829    -1.61860740184784    -220.45588684082
74.927    -1.55534040927887    -220.303817749023
75.026    -1.52965402603149    -220.645858764648
75.124    -1.48417782783508    -220.493789672852
75.222    -1.44462335109711    -220.493789672852
75.321    -1.40312016010284    -220.380096435547
75.419    -1.37543451786041    -220.645858764648
75.517    -1.34380114078522    -220.569580078125
75.616    -1.30624580383301    -220.645858764648
75.714    -1.28845524787903    -220.380096435547
75.812    -1.28645598888397    -220.607482910156
75.911    -1.25087463855743    -220.22802734375
76.009    -1.23111009597778    -220.569580078125
76.107    -1.20937156677246    -220.45588684082
76.206    -1.21331942081451    -220.303817749023
76.304    -1.17179095745087    -220.380096435547
76.402    -1.1836599111557    -220.569580078125
76.501    -1.14610457420349    -220.45588684082
76.599    -1.14410531520844    -220.797439575195
76.697    -1.12434077262878    -220.417999267578
76.796    -1.12828862667084    -220.645858764648
76.894    -1.09865438938141    -220.380096435547
76.992    -1.0689948797226    -220.493789672852
77.091    -1.08083844184875    -220.342193603516
77.189    -1.04723107814789    -220.531677246094
77.287    -1.04920494556427    -220.303817749023
77.386    -1.02746641635895    -220.569580078125
77.484    -1.02746641635895    -220.645858764648
77.583    -1.02746641635895    -220.493789672852
77.681    -1.02154469490051    -220.265914916992
77.779    -1.01164972782135    -220.569580078125
77.878    -0.989911198616028    -220.417999267578
77.976    -0.989911198616028    -220.645858764648
78.074    -0.983964085578918    -220.493789672852
78.173    -0.993859052658081    -220.493789672852
78.271    -0.976068377494812    -220.417999267578
78.369    -0.950356721878052    -220.68376159668
78.468    -0.968147397041321    -220.45588684082
78.566    -0.940487086772919    -220.569580078125
78.664    -0.940487086772919    -220.45588684082
78.763    -0.934539973735809    -220.797439575195
78.861    -0.924670338630676    -220.417999267578
78.959    -0.950356721878052    -220.493789672852
79.058    -0.920697152614594    -220.380096435547
79.156    -0.936513900756836    -220.569580078125
79.254    -0.908853590488434    -220.190124511719
79.353    -0.932566046714783    -220.45588684082
79.451    -0.920697152614594    -220.68376159668
79.55    -0.904880464076996    -220.493789672852
79.648    -0.912801444530487    -220.493789672852
79.746    -0.881168007850647    -220.493789672852
79.845    -0.896984755992889    -220.380096435547
79.943    -0.89103764295578    -220.569580078125
80.165    13.0909547805786    766.054443359375
80.264    11.4855442047119    766.244445800781
80.362    10.7658948898315    765.864990234375
80.46    10.2399950027466    766.016540527344
80.559    9.9295825958252    765.902893066406
80.657    9.71209526062012    766.054443359375
80.755    9.56382369995117    765.826599121094
80.854    9.43926334381104    766.092346191406
80.952    9.33844089508057    765.978698730469
81.05    9.25735855102539    766.130249023438
81.149    9.17432689666748    765.902893066406
81.247    9.11898040771484    766.054443359375
81.345    9.05571365356445    766.092346191406
81.443    9.01615905761719    766.282348632813
81.542    8.96476173400879    765.750793457031
81.64    8.91336345672607    766.054443359375
81.738    8.88765144348145    766.016540527344
81.837    8.81648921966553    766.130249023438
81.935    8.78285598754883    765.978698730469
82.034    8.74530124664307    766.130249023438
82.132    8.69587707519531    765.978698730469
82.23    8.66226959228516    766.168640136719
82.329    8.60097694396973    766.054443359375
82.427    8.56539535522461    766.282348632813
82.525    8.51199817657471    765.978698730469
82.624    8.47641658782959    766.054443359375
82.722    8.42304420471191    765.750793457031
82.82    8.39535903930664    766.168640136719
82.919    8.36175155639648    766.054443359375
83.017    8.31430149078369    766.130249023438
83.115    8.26090431213379    765.826599121094
83.214    8.20753192901611    766.244445800781
83.312    8.19368934631348    766.054443359375
83.41    8.13436985015869    765.978698730469
83.509    8.07902431488037    765.712890625
83.607    8.0513391494751    766.092346191406
83.705    7.98609781265259    766.016540527344
83.804    7.95841217041016    766.054443359375
83.902    7.891197681427    765.940795898438
84    7.85364246368408    765.902893066406
84.099    7.81408786773682    766.130249023438
84.197    7.7765326499939    766.054443359375
84.295    7.73105621337891    766.054443359375
84.394    7.67371129989624    766.20654296875
84.492    7.648024559021    765.978698730469
84.59    7.58673191070557    765.978698730469
84.689    7.55509805679321    765.902893066406
84.787    7.52543878555298    766.054443359375
84.885    7.46611976623535    766.016540527344
84.984    7.43053817749023    766.130249023438
85.082    7.39098358154297    766.054443359375
85.18    7.34948062896729    766.054443359375
85.279    7.31190013885498    766.016540527344
85.377    7.27829265594482    765.940795898438
85.475    7.22886848449707    765.864990234375
85.574    7.20515632629395    766.092346191406
85.672    7.17747068405151    765.826599121094
85.77    7.14583730697632    765.940795898438
85.869    7.11222982406616    766.016540527344
85.967    7.07070112228394    766.20654296875
86.065    7.04896259307861    765.826599121094
86.164    7.00546026229858    766.320251464844
86.262    6.99556541442871    766.016540527344
86.36    6.96393203735352    765.864990234375
86.459    6.91845560073853    766.054443359375
86.557    6.91648197174072    766.20654296875
86.655    6.87497854232788    765.826599121094
86.754    6.85718822479248    766.20654296875
86.852    6.82950258255005    766.016540527344
86.95    6.80973768234253    765.978698730469
87.049    6.79392099380493    765.864990234375
87.147    6.75239276885986    766.054443359375
87.245    6.74052381515503    766.20654296875
87.344    6.72668123245239    765.940795898438
87.442    6.697021484375    766.016540527344
87.54    6.697021484375    766.130249023438
87.639    6.66936111450195    766.168640136719
87.737    6.64364957809448    766.054443359375
87.835    6.63772773742676    766.054443359375
87.934    6.621910572052    766.244445800781
88.032    6.59817266464233    766.092346191406
88.13    6.59225082397461    765.978698730469
88.229    6.56653928756714    765.902893066406
88.327    6.56061744689941    766.092346191406
88.425    6.54874849319458    765.902893066406
88.524    6.53095817565918    766.092346191406
88.622    6.52503633499146    765.978698730469
88.72    6.49932479858398    765.864990234375
88.819    6.49735069274902    766.092346191406
88.917    6.49932479858398    766.168640136719
89.015    6.48548173904419    766.054443359375
89.114    6.47558689117432    765.978698730469
89.212    6.44197940826416    766.054443359375
89.311    6.4400053024292    765.978698730469
89.409    6.43408393859863    766.054443359375
89.507    6.41629314422607    765.902893066406
89.606    6.40245008468628    765.902893066406
89.704    6.40047645568848    766.130249023438
89.802    6.40047645568848    766.054443359375
89.901    6.39255523681641    766.130249023438
89.999    6.39850234985352    766.282348632813
90.111    -22.1032752990723    -220.45588684082
90.21    -21.1918525695801    -220.493789672852
90.308    -20.6204509735107    -220.493789672852
90.406    -20.280403137207    -220.380096435547
90.505    -19.96604347229    -220.380096435547
90.603    -19.6694717407227    -220.569580078125
90.701    -19.3946666717529    -220.569580078125
90.8    -19.052619934082    -220.645858764648
90.898    -18.6334896087646    -220.342193603516
90.996    -18.2084121704102    -220.569580078125
91.095    -17.7457790374756    -220.45588684082
91.193    -17.2949886322021    -220.607482910156
91.291    -16.8323554992676    -220.303817749023
91.39    -16.2945861816406    -220.607482910156
91.488    -15.7983207702637    -220.645858764648
91.586    -15.311975479126    -220.417999267578
91.685    -14.7267560958862    -220.342193603516
91.783    -14.2126998901367    -220.22802734375
91.881    -13.6492195129395    -220.645858764648
91.98    -12.9770202636719    -220.493789672852
92.078    -12.3522472381592    -220.152236938477
92.176    -11.7492370605469    -220.45588684082
92.275    -11.0968036651611    -220.417999267578
92.373    -10.4740285873413    -220.493789672852
92.471    -9.8136739730835    -220.342193603516
92.57    -9.15726661682129    -220.797439575195
92.668    -8.44748783111572    -220.493789672852
92.766    -7.61712217330933    -220.645858764648
92.865    -6.84604978561401    -220.569580078125
92.963    -6.14221811294556    -220.569580078125
93.061    -5.41067552566528    -220.493789672852
93.16    -4.8650107383728    -220.45588684082
93.258    -4.40037822723389    -220.569580078125
93.356    -3.95158815383911    -220.45588684082
93.455    -3.61351490020752    -220.45588684082
93.553    -3.29123330116272    -220.493789672852
93.651    -3.02234864234924    -220.22802734375
93.75    -2.82070446014404    -220.569580078125
93.848    -2.60519194602966    -220.531677246094
93.947    -2.43712973594666    -220.380096435547
94.045    -2.28688335418701    -220.569580078125
94.143    -2.15640163421631    -220.342193603516
94.242    -2.04765844345093    -220.493789672852
94.34    -1.96460151672363    -220.45588684082
94.438    -1.87564826011658    -220.569580078125
94.537    -1.81238126754761    -220.380096435547
94.635    -1.75503611564636    -220.68376159668
94.733    -1.68782138824463    -220.493789672852
94.832    -1.63442409038544    -220.493789672852
94.93    -1.57115721702576    -220.342193603516
95.028    -1.52768015861511    -220.45588684082
95.127    -1.48812568187714    -220.342193603516
95.225    -1.43870151042938    -220.45588684082
95.324    -1.42683267593384    -220.45588684082
95.422    -1.38927733898163    -220.380096435547
95.52    -1.35172212123871    -220.493789672852
95.619    -1.33390617370605    -220.569580078125
95.717    -1.3141416311264    -220.493789672852
95.815    -1.2844820022583    -220.493789672852
95.914    -1.27461242675781    -220.645858764648
96.012    -1.25879561901093    -220.45588684082
96.11    -1.23703181743622    -220.569580078125
96.209    -1.2073723077774    -220.45588684082
96.307    -1.1994765996933    -220.45588684082
96.405    -1.20145046710968    -220.721649169922
96.504    -1.17179095745087    -220.493789672852
96.602    -1.15202641487122    -220.380096435547
96.7    -1.14015746116638    -220.569580078125
96.799    -1.11447107791901    -220.569580078125
96.897    -1.11447107791901    -220.417999267578
96.995    -1.10260224342346    -220.607482910156
97.094    -1.08481156826019    -220.303817749023
97.192    -1.07491660118103    -220.645858764648
97.29    -1.06304776668549    -220.45588684082
97.389    -1.0689948797226    -220.45588684082
97.487    -1.04920494556427    -220.417999267578
97.586    -1.03736138343811    -220.45588684082
97.684    -1.02944040298462    -220.380096435547
97.782    -1.031414270401    -220.645858764648
97.881    -1.01164972782135    -220.607482910156
97.979    -1.00572788715363    -220.569580078125
98.077    -0.999780833721161    -220.342193603516
98.176    -0.981990158557892    -220.493789672852
98.274    -0.981990158557892    -220.417999267578
98.372    -0.974094450473785    -220.607482910156
98.471    -0.968147397041321    -220.531677246094
98.569    -0.936513900756836    -220.569580078125
98.667    -0.960251688957214    -220.417999267578
98.766    -0.980016231536865    -220.797439575195
98.864    -0.950356721878052    -220.493789672852
98.962    -0.956303775310516    -220.68376159668
99.061    -0.938487827777863    -220.493789672852
99.159    -0.942461013793945    -220.493789672852
99.257    -0.938487827777863    -220.569580078125
99.356    -0.92267107963562    -220.380096435547
99.454    -0.91674929857254    -220.493789672852
99.552    -0.904880464076996    -220.531677246094
99.651    -0.902906537055969    -220.721649169922
99.749    -0.92267107963562    -220.721649169922
99.848    -0.895010828971863    -220.493789672852
99.946    -0.869299113750458    -220.68376159668
100.168    13.0454788208008    765.902893066406
100.267    11.4954385757446    766.054443359375
100.365    10.7639207839966    765.788696289063
100.463    10.2933673858643    766.016540527344
100.562    9.95726776123047    765.864990234375
100.66    9.72593879699707    766.092346191406
100.758    9.56382369995117    766.054443359375
100.857    9.43728923797607    766.016540527344
100.955    9.35028457641602    765.902893066406
101.053    9.28504371643066    766.20654296875
101.152    9.20003890991211    765.940795898438
101.25    9.12490272521973    766.054443359375
101.348    9.0833740234375    765.788696289063
101.447    9.02605438232422    765.902893066406
101.545    8.96870899200439    765.788696289063
101.643    8.91533756256104    766.130249023438
101.742    8.87975597381592    765.978698730469
101.84    8.82635879516602    766.20654296875
101.938    8.78285598754883    765.978698730469
102.037    8.73937892913818    765.978698730469
102.135    8.67016506195068    765.750793457031
102.233    8.64842700958252    766.016540527344
102.332    8.5970287322998    765.978698730469
102.43    8.56342124938965    766.130249023438
102.528    8.52189254760742    765.940795898438
102.627    8.47246837615967    766.20654296875
102.725    8.45665168762207    765.902893066406
102.823    8.39535903930664    766.054443359375
102.922    8.33801364898682    765.940795898438
103.02    8.30835437774658    766.168640136719
103.118    8.26090431213379    765.902893066406
103.217    8.21545314788818    766.092346191406
103.315    8.16205596923828    765.826599121094
103.413    8.11065769195557    766.168640136719
103.512    8.07705020904541    766.168640136719
103.61    8.01970481872559    766.092346191406
103.708    7.96633338928223    766.016540527344
103.807    7.94656848907471    766.130249023438
103.905    7.88527584075928    765.712890625
104.003    7.84769535064697    766.282348632813
104.102    7.80421829223633    765.674987792969
104.2    7.75476884841919    766.20654296875
104.298    7.72116136550903    766.168640136719
104.397    7.65592050552368    766.168640136719
104.495    7.61044406890869    765.788696289063
104.593    7.57091474533081    766.168640136719
104.692    7.52741241455078    765.902893066406
104.79    7.48391008377075    766.130249023438
104.888    7.4325122833252    766.054443359375
104.987    7.39495706558228    766.244445800781
105.085    7.35145473480225    766.168640136719
105.183    7.32574272155762    766.20654296875
105.282    7.27829265594482    765.978698730469
105.38    7.2407374382019    765.978698730469
105.478    7.2189736366272    765.940795898438
105.577    7.16954946517944    766.130249023438
105.675    7.13594198226929    765.750793457031
105.773    7.09641313552856    766.092346191406
105.872    7.07070112228394    766.016540527344
105.97    7.03314590454102    766.168640136719
106.068    6.98569583892822    765.712890625
106.167    6.96987915039063    766.20654296875
106.265    6.93229866027832    765.978698730469
106.363    6.92440271377563    766.282348632813
106.462    6.87300491333008    765.826599121094
106.56    6.84531927108765    765.978698730469
106.658    6.82158136367798    765.978698730469
106.757    6.80576467514038    766.20654296875
106.855    6.79392099380493    766.054443359375
106.953    6.74447154998779    766.054443359375
107.052    6.7326283454895    765.978698730469
107.15    6.69504737854004    766.054443359375
107.248    6.69504737854004    766.054443359375
107.347    6.66144037246704    765.940795898438
107.445    6.65551853179932    765.902893066406
107.543    6.62388467788696    766.092346191406
107.642    6.60212087631226    765.902893066406
107.74    6.60411977767944    766.130249023438
107.838    6.57248640060425    765.940795898438
107.937    6.5704870223999    766.092346191406
108.035    6.53095817565918    766.054443359375
108.133    6.53095817565918    766.282348632813
108.232    6.51711511611938    765.902893066406
108.33    6.48942947387695    766.320251464844
108.428    6.49140357971191    765.902893066406
108.527    6.46571731567383    766.20654296875
108.625    6.46374320983887    765.978698730469
108.723    6.44395351409912    766.054443359375
108.822    6.43408393859863    765.902893066406
108.92    6.4222149848938    766.20654296875
109.019    6.40245008468628    765.940795898438
109.117    6.39850234985352    766.244445800781
109.215    6.37279081344604    765.902893066406
109.314    6.37476444244385    766.054443359375
109.412    6.36486959457397    765.902893066406
109.51    6.36884307861328    766.130249023438
109.609    6.37081670761108    765.940795898438
109.707    6.33720922470093    766.130249023438
109.805    6.34313106536865    765.978698730469
109.904    6.32731437683105    766.20654296875
110.002    6.31544542312622    765.940795898438
110.114    -22.0953807830811    -220.303817749023
110.213    -21.2036952972412    -220.721649169922
110.311    -20.6896648406982    -220.380096435547
110.409    -20.294246673584    -220.45588684082
110.508    -19.9877815246582    -220.303817749023
110.606    -19.6852893829346    -220.569580078125
110.704    -19.3986148834229    -220.380096435547
110.803    -19.0743846893311    -220.531677246094
110.901    -18.6433582305908    -220.22802734375
110.999    -18.2439918518066    -220.380096435547
111.098    -17.795202255249    -220.265914916992
111.196    -17.3187255859375    -220.380096435547
111.294    -16.8718852996826    -220.342193603516
111.393    -16.3875122070313    -220.417999267578
111.491    -15.8536920547485    -220.380096435547
111.589    -15.341609954834    -220.569580078125
111.688    -14.8295526504517    -220.45588684082
111.786    -14.2640981674194    -220.721649169922
111.884    -13.6927213668823    -220.380096435547
111.983    -13.0778427124023    -220.380096435547
112.081    -12.4609899520874    -220.45588684082
112.18    -11.8441371917725    -220.607482910156
112.278    -11.1758871078491    -220.342193603516
112.376    -10.5610084533691    -220.531677246094
112.475    -9.9599723815918    -220.380096435547
112.573    -9.25414085388184    -220.493789672852
112.671    -8.56809997558594    -220.380096435547
112.77    -7.83460855484009    -220.417999267578
112.868    -6.96666193008423    -220.45588684082
112.966    -6.27072620391846    -220.607482910156
113.065    -5.57479000091553    -220.45588684082
113.163    -4.95396423339844    -220.493789672852
113.261    -4.46564483642578    -220.22802734375
113.36    -4.0148549079895    -220.569580078125
113.458    -3.64514851570129    -220.417999267578
113.556    -3.34065723419189    -220.531677246094
113.655    -3.06782507896423    -220.45588684082
113.753    -2.8187050819397    -220.417999267578
113.851    -2.62890434265137    -220.45588684082
113.95    -2.46678924560547    -220.417999267578
114.048    -2.31851673126221    -220.380096435547
114.146    -2.2038516998291    -220.417999267578
114.245    -2.0753185749054    -220.45588684082
114.343    -1.98439145088196    -220.493789672852
114.441    -1.90925562381744    -220.380096435547
114.54    -1.82622408866882    -220.493789672852
114.638    -1.76095795631409    -220.531677246094
114.737    -1.70955991744995    -220.645858764648
114.835    -1.63839721679688    -220.190124511719
114.933    -1.58499991893768    -220.607482910156
115.032    -1.55534040927887    -220.342193603516
115.13    -1.49999451637268    -220.380096435547
115.228    -1.46441316604614    -220.342193603516
115.327    -1.43475365638733    -220.493789672852
115.425    -1.3912513256073    -220.493789672852
115.523    -1.38335561752319    -220.45588684082
115.622    -1.34182715415955    -220.493789672852
115.72    -1.33193218708038    -220.45588684082
115.818    -1.29832482337952    -220.417999267578
115.917    -1.27461242675781    -220.645858764648
116.015    -1.2607696056366    -220.342193603516
116.113    -1.24692678451538    -220.569580078125
116.212    -1.2073723077774    -220.152236938477
116.31    -1.20145046710968    -220.493789672852
116.408    -1.1836599111557    -220.569580078125
116.507    -1.16389524936676    -220.721649169922
116.605    -1.13818359375    -220.380096435547
116.703    -1.14015746116638    -220.380096435547
116.802    -1.12828862667084    -220.417999267578
116.9    -1.13028788566589    -220.417999267578
116.999    -1.08678555488586    -220.22802734375
117.097    -1.10260224342346    -220.303817749023
117.195    -1.08083844184875    -220.493789672852
117.294    -1.06502175331116    -220.417999267578
117.392    -1.06502175331116    -220.645858764648
117.49    -1.05712604522705    -220.569580078125
117.589    -1.04130923748016    -220.303817749023
117.687    -1.031414270401    -220.380096435547
117.785    -1.0155975818634    -220.417999267578
117.884    -1.00375401973724    -220.45588684082
117.982    -1.00375401973724    -220.45588684082
118.08    -0.989911198616028    -220.342193603516
118.179    -0.995832979679108    -220.22802734375
118.277    -0.981990158557892    -220.45588684082
118.375    -0.989911198616028    -220.417999267578
118.474    -0.976068377494812    -220.493789672852
118.572    -0.983964085578918    -220.380096435547
118.67    -0.976068377494812    -220.569580078125
118.769    -0.962225615978241    -220.380096435547
118.867    -0.948382794857025    -220.380096435547
118.965    -0.950356721878052    -220.493789672852
119.064    -0.942461013793945    -220.380096435547
119.162    -0.950356721878052    -220.417999267578
119.261    -0.92267107963562    -220.417999267578
119.359    -0.91674929857254    -220.493789672852
119.457    -0.924670338630676    -220.569580078125
119.556    -0.920697152614594    -220.569580078125
119.654    -0.912801444530487    -220.569580078125
119.752    -0.900932610034943    -220.721649169922
119.851    -0.904880464076996    -220.45588684082
119.949    -0.896984755992889    -220.607482910156
120.17    12.988133430481    766.130249023438
120.268    11.5448627471924    766.092346191406
120.367    10.7718172073364    765.864990234375
120.465    10.2913932800293    766.20654296875
120.564    9.95529365539551    765.826599121094
120.662    9.71604347229004    765.940795898438
120.76    9.5717191696167    765.978698730469
120.859    9.46297550201416    766.20654296875
120.957    9.35225868225098    766.130249023438
121.055    9.28701782226563    766.016540527344
121.154    9.2099084854126    766.244445800781
121.252    9.1367712020874    766.244445800781
121.35    9.085373878479    766.130249023438
121.449    9.04187107086182    765.978698730469
121.547    8.98255252838135    765.978698730469
121.645    8.91336345672607    765.940795898438
121.744    8.86591339111328    766.054443359375
121.842    8.81648921966553    766.054443359375
121.94    8.78285598754883    766.054443359375
122.038    8.73145866394043    766.282348632813
122.137    8.69192886352539    766.20654296875
122.235    8.65632247924805    766.054443359375
122.334    8.5970287322998    765.978698730469
122.432    8.56539535522461    766.054443359375
122.53    8.52386665344238    766.054443359375
122.629    8.48233795166016    766.130249023438
122.727    8.44083499908447    765.826599121094
122.825    8.381516456604    766.20654296875
122.924    8.34198665618896    766.054443359375
123.022    8.29453659057617    766.016540527344
123.12    8.26487731933594    766.092346191406
123.219    8.21148014068604    765.978698730469
123.317    8.16800308227539    765.902893066406
123.415    8.1205530166626    766.016540527344
123.514    8.0671558380127    766.092346191406
123.612    8.02365303039551    766.054443359375
123.71    7.96238565444946    765.674987792969
123.809    7.9228310585022    766.20654296875
123.907    7.87340688705444    765.826599121094
124.005    7.83187818527222    766.130249023438
124.104    7.7943229675293    765.978698730469
124.202    7.73303031921387    766.282348632813
124.3    7.70337057113647    766.130249023438
124.399    7.63812971115112    766.054443359375
124.497    7.6005744934082    765.788696289063
124.595    7.54322957992554    766.244445800781
124.694    7.50567388534546    766.016540527344
124.792    7.46019792556763    766.20654296875
124.89    7.39890480041504    766.130249023438
124.989    7.3850622177124    766.20654296875
125.087    7.32574272155762    765.940795898438
125.185    7.29410934448242    766.130249023438
125.284    7.26050186157227    765.978698730469
125.382    7.21502590179443    766.168640136719
125.48    7.17747068405151    765.978698730469
125.579    7.13002014160156    765.978698730469
125.677    7.08651781082153    765.712890625
125.775    7.07070112228394    766.282348632813
125.874    7.03709411621094    765.902893066406
125.972    7.00348663330078    766.472290039063
126.07    6.95208835601807    765.902893066406
126.169    6.92440271377563    766.054443359375
126.267    6.8967170715332    766.054443359375
126.365    6.88090038299561    766.130249023438
126.464    6.85124111175537    765.940795898438
126.562    6.81565952301025    766.016540527344
126.66    6.79392099380493    765.712890625
126.759    6.7662353515625    766.20654296875
126.857    6.75436639785767    766.054443359375
126.955    6.71086406707764    766.092346191406
127.054    6.697021484375    766.054443359375
127.152    6.66341400146484    766.282348632813
127.25    6.65946626663208    765.902893066406
127.349    6.61993646621704    766.054443359375
127.447    6.60411977767944    765.826599121094
127.545    6.59817266464233    766.358093261719
127.644    6.5546703338623    765.902893066406
127.742    6.55864381790161    766.244445800781
127.84    6.52106332778931    765.902893066406
127.939    6.51514148712158    766.130249023438
128.037    6.52106332778931    765.902893066406
128.135    6.48350763320923    766.168640136719
128.234    6.47758626937866    766.054443359375
128.332    6.45384836196899    766.282348632813
128.43    6.44395351409912    765.788696289063
128.529    6.43408393859863    766.054443359375
128.627    6.4222149848938    766.016540527344
128.725    6.41034603118896    766.20654296875
128.824    6.38663339614868    765.750793457031
128.922    6.37871265411377    766.130249023438
129.02    6.37081670761108    766.016540527344
129.119    6.34905290603638    766.054443359375
129.217    6.33720922470093    765.826599121094
129.315    6.33523559570313    765.978698730469
129.414    6.33523559570313    765.826599121094
129.512    6.32139253616333    766.20654296875
129.61    6.31941890716553    765.978698730469
129.709    6.3095235824585    766.130249023438
129.807    6.2917332649231    766.054443359375
129.905    6.2937068939209    766.244445800781
130.004    6.28183794021606    766.054443359375
130.116    -22.2377300262451    -220.265914916992
130.215    -21.2135906219482    -220.949523925781
130.313    -20.6916389465332    -220.45588684082
130.411    -20.3001670837402    -220.569580078125
130.51    -19.9957027435303    -220.303817749023
130.608    -19.6951847076416    -220.380096435547
130.706    -19.4104824066162    -220.493789672852
130.805    -19.0763568878174    -220.493789672852
130.903    -18.7026786804199    -220.380096435547
131.001    -18.2617835998535    -220.645858764648
131.1    -17.8347320556641    -220.417999267578
131.198    -17.4057064056396    -220.569580078125
131.296    -16.893648147583    -220.493789672852
131.395    -16.411226272583    -220.569580078125
131.493    -15.9248542785645    -220.380096435547
131.591    -15.3692951202393    -220.569580078125
131.69    -14.855263710022    -220.417999267578
131.788    -14.2818880081177    -220.380096435547
131.886    -13.7204074859619    -220.303817749023
131.985    -13.1510047912598    -220.45588684082
132.083    -12.5183353424072    -220.303817749023
132.181    -11.8935613632202    -220.9111328125
132.28    -11.2648658752441    -220.45588684082
132.378    -10.6005630493164    -220.493789672852
132.476    -10.0252132415771    -220.493789672852
132.575    -9.39849090576172    -220.68376159668
132.673    -8.62741851806641    -220.45588684082
132.771    -7.89590120315552    -220.076446533203
132.87    -7.11493444442749    -220.45588684082
132.968    -6.3142032623291    -220.493789672852
133.066    -5.62421417236328    -220.45588684082
133.165    -5.03702116012573    -220.607482910156
133.263    -4.48343515396118    -220.303817749023
133.361    -4.07022619247437    -220.645858764648
133.46    -3.66293907165527    -220.531677246094
133.558    -3.35055232048035    -220.493789672852
133.656    -3.08364176750183    -220.417999267578
133.755    -2.84639072418213    -220.45588684082
133.853    -2.63879919052124    -220.265914916992
133.951    -2.4944748878479    -220.607482910156
134.05    -2.32443857192993    -220.417999267578
134.148    -2.20779967308044    -220.721649169922
134.246    -2.09708261489868    -220.645858764648
134.345    -2.0041561126709    -220.607482910156
134.443    -1.90133464336395    -220.45588684082
134.542    -1.82225096225739    -220.45588684082
134.64    -1.74514126777649    -220.645858764648
134.738    -1.69374310970306    -220.493789672852
134.837    -1.65024077892303    -220.569580078125
134.935    -1.59292101860046    -220.607482910156
135.033    -1.54744470119476    -220.569580078125
135.132    -1.50591635704041    -220.417999267578
135.23    -1.4604400396347    -220.493789672852
135.328    -1.44662249088287    -220.607482910156
135.427    -1.40114629268646    -220.417999267578
135.525    -1.38135635852814    -220.417999267578
135.623    -1.36356568336487    -220.45588684082
135.722    -1.32798433303833    -220.45588684082
135.82    -1.31019365787506    -220.645858764648
135.918    -1.28645598888397    -220.265914916992
136.017    -1.25879561901093    -220.342193603516
136.115    -1.24297893047333    -220.68376159668
136.213    -1.23111009597778    -220.531677246094
136.312    -1.20145046710968    -220.45588684082
136.41    -1.17773807048798    -220.569580078125
136.508    -1.16389524936676    -220.493789672852
136.607    -1.15794813632965    -220.531677246094
136.705    -1.14807856082916    -220.531677246094
136.804    -1.12434077262878    -220.721649169922
136.902    -1.12631475925446    -220.569580078125
137    -1.10655009746552    -220.493789672852
137.099    -1.09865438938141    -220.380096435547
137.197    -1.09073340892792    -220.493789672852
137.295    -1.08283770084381    -220.645858764648
137.394    -1.0768905878067    -220.531677246094
137.492    -1.05120420455933    -220.22802734375
137.59    -1.04723107814789    -220.417999267578
137.689    -1.04130923748016    -220.380096435547
137.787    -1.03338825702667    -220.493789672852
137.885    -1.01164972782135    -220.380096435547
137.984    -0.999780833721161    -220.569580078125
138.082    -1.01164972782135    -220.493789672852
138.18    -0.987937271595001    -220.569580078125
138.279    -0.995832979679108    -220.45588684082
138.377    -0.989911198616028    -220.569580078125
138.475    -0.987937271595001    -220.45588684082
138.574    -0.981990158557892    -220.645858764648
138.672    -0.966173470020294    -220.342193603516
138.77    -0.954304575920105    -220.265914916992
138.869    -0.944434940814972    -220.380096435547
138.967    -0.960251688957214    -220.493789672852
139.065    -0.944434940814972    -220.45588684082
139.164    -0.938487827777863    -220.493789672852
139.262    -0.928618192672729    -220.45588684082
139.361    -0.91082751750946    -220.645858764648
139.459    -0.932566046714783    -220.569580078125
139.557    -0.902906537055969    -220.493789672852
139.656    -0.918723225593567    -220.380096435547
139.754    -0.91674929857254    -220.417999267578
139.852    -0.918723225593567    -220.45588684082
139.951    -0.912801444530487    -220.607482910156
140.173    12.9406833648682    766.20654296875
140.271    11.5468368530273    765.978698730469
140.37    10.7995023727417    766.054443359375
140.468    10.2755765914917    765.902893066406
140.566    9.96911144256592    766.168640136719
140.665    9.74767684936523    765.978698730469
140.763    9.57369327545166    766.244445800781
140.862    9.45902824401855    765.978698730469
140.96    9.37994384765625    766.016540527344
141.058    9.26725292205811    766.092346191406
141.157    9.22177696228027    766.054443359375
141.255    9.14269351959229    765.902893066406
141.353    9.09129524230957    766.092346191406
141.451    9.02408027648926    766.130249023438
141.55    8.96870899200439    766.054443359375
141.648    8.917311668396    766.168640136719
141.747    8.87775707244873    765.940795898438
141.845    8.81648921966553    766.054443359375
141.943    8.77693462371826    766.054443359375
142.042    8.73343181610107    766.092346191406
142.14    8.68795585632324    766.054443359375
142.238    8.64645290374756    766.016540527344
142.337    8.6128454208374    766.168640136719
142.435    8.56934261322021    766.130249023438
142.533    8.54165744781494    766.358093261719
142.632    8.47839069366455    766.092346191406
142.73    8.44478321075439    766.20654296875
142.828    8.37954235076904    766.054443359375
142.927    8.35185623168945    766.092346191406
143.025    8.29453659057617    765.978698730469
143.123    8.24906063079834    765.978698730469
143.222    8.18974113464355    766.20654296875
143.32    8.15218639373779    766.054443359375
143.418    8.11460590362549    766.20654296875
143.517    8.05331230163574    766.130249023438
143.615    8.01378345489502    765.902893066406
143.713    7.97820234298706    765.902893066406
143.812    7.89911842346191    765.902893066406
143.91    7.87340688705444    765.978698730469
144.008    7.82003498077393    765.902893066406
144.107    7.77258443832397    765.826599121094
144.205    7.72116136550903    766.130249023438
144.303    7.68163204193115    765.978698730469
144.402    7.62626075744629    766.016540527344
144.5    7.58078479766846    766.054443359375
144.598    7.52543878555298    766.20654296875
144.697    7.47601461410522    765.978698730469
144.795    7.44438123703003    765.902893066406
144.893    7.38703584671021    765.978698730469
144.992    7.34155988693237    765.978698730469
145.09    7.33168983459473    766.054443359375
145.188    7.2703971862793    766.130249023438
145.287    7.22294664382935    765.940795898438
145.385    7.18933963775635    765.940795898438
145.483    7.16362762451172    766.054443359375
145.582    7.11222982406616    766.130249023438
145.68    7.07464933395386    765.978698730469
145.778    7.03314590454102    766.092346191406
145.877    7.00546026229858    765.978698730469
145.975    6.95406246185303    766.130249023438
146.073    6.93627166748047    766.130249023438
146.172    6.90066528320313    765.978698730469
146.27    6.87497854232788    765.902893066406
146.368    6.84926700592041    766.054443359375
146.467    6.81565952301025    765.864990234375
146.565    6.79192209243774    766.20654296875
146.663    6.77215719223022    765.940795898438
146.762    6.7346019744873    766.282348632813
146.86    6.72470712661743    765.978698730469
146.958    6.68715190887451    766.282348632813
147.057    6.65946626663208    765.788696289063
147.155    6.63178014755249    766.130249023438
147.253    6.60806798934937    765.826599121094
147.352    6.59422492980957    766.054443359375
147.45    6.58038234710693    765.978698730469
147.548    6.5526967048645    766.130249023438
147.647    6.53490591049194    766.130249023438
147.745    6.52303695678711    766.130249023438
147.843    6.51711511611938    766.054443359375
147.942    6.48745584487915    765.902893066406
148.04    6.47163915634155    766.054443359375
148.138    6.45187425613403    766.130249023438
148.237    6.4400053024292    766.130249023438
148.335    6.41231966018677    766.20654296875
148.433    6.41231966018677    765.826599121094
148.532    6.40047645568848    766.20654296875
148.63    6.37476444244385    765.902893066406
148.728    6.36686897277832    766.282348632813
148.827    6.35697412490845    765.864990234375
148.925    6.35500001907349    765.902893066406
149.023    6.32731437683105    765.978698730469
149.122    6.31941890716553    766.054443359375
149.22    6.31544542312622    765.978698730469
149.318    6.30754995346069    766.168640136719
149.417    6.29765510559082    765.940795898438
149.515    6.28381204605103    766.130249023438
149.613    6.2759165763855    765.940795898438
149.712    6.26602125167847    765.978698730469
149.81    6.2600998878479    765.978698730469
149.908    6.24823093414307    766.168640136719
150.007    6.23438787460327    765.902893066406
150.119    -22.2080707550049    -220.45588684082
150.218    -21.193826675415    -220.45588684082
150.316    -20.6817436218262    -220.531677246094
150.414    -20.3318023681641    -220.493789672852
150.513    -19.9957027435303    -220.380096435547
150.611    -19.7248439788818    -220.45588684082
150.709    -19.4539852142334    -220.493789672852
150.808    -19.0862274169922    -220.569580078125
150.906    -18.7362861633301    -220.493789672852
151.004    -18.332971572876    -220.380096435547
151.103    -17.838680267334    -220.45588684082
151.201    -17.419548034668    -220.645858764648
151.299    -16.947021484375    -220.531677246094
151.398    -16.4250679016113    -220.493789672852
151.496    -15.926854133606    -220.493789672852
151.594    -15.3732433319092    -220.45588684082
151.693    -14.8611860275269    -220.303817749023
151.791    -14.3214426040649    -220.342193603516
151.889    -13.7342500686646    -220.721649169922
151.988    -13.1628732681274    -220.45588684082
152.086    -12.6013669967651    -220.493789672852
152.184    -11.9212474822998    -220.45588684082
152.283    -11.3123159408569    -220.303817749023
152.381    -10.7132539749146    -220.645858764648
152.479    -10.0528984069824    -220.493789672852
152.578    -9.42812538146973    -220.417999267578
152.676    -8.73021507263184    -220.303817749023
152.774    -7.93740463256836    -220.493789672852
152.873    -7.14656782150269    -220.493789672852
152.971    -6.33596706390381    -220.607482910156
153.069    -5.65387344360352    -220.45588684082
153.168    -5.05481147766113    -220.380096435547
153.266    -4.51506853103638    -220.493789672852
153.364    -4.07022619247437    -220.380096435547
153.463    -3.71236324310303    -220.417999267578
153.561    -3.35847330093384    -220.417999267578
153.66    -3.11330127716064    -220.380096435547
153.758    -2.88197207450867    -220.569580078125
153.856    -2.66053771972656    -220.68376159668
153.955    -2.49052691459656    -220.569580078125
154.053    -2.34222912788391    -220.645858764648
154.151    -2.1880350112915    -220.45588684082
154.25    -2.08916139602661    -220.493789672852
154.348    -1.97647047042847    -220.45588684082
154.446    -1.88949108123779    -220.645858764648
154.545    -1.82225096225739    -220.493789672852
154.643    -1.75503611564636    -220.645858764648
154.741    -1.69374310970306    -220.493789672852
154.84    -1.6443190574646    -220.380096435547
154.938    -1.59292101860046    -220.68376159668
155.036    -1.55733966827393    -220.45588684082
155.135    -1.51581120491028    -220.45588684082
155.233    -1.47825598716736    -220.569580078125
155.331    -1.44067549705505    -220.417999267578
155.43    -1.39519917964935    -220.45588684082
155.528    -1.39519917964935    -220.380096435547
155.627    -1.34182715415955    -220.342193603516
155.725    -1.3457750082016    -220.531677246094
155.823    -1.30427193641663    -220.645858764648
155.922    -1.27063918113708    -220.342193603516
156.02    -1.24495279788971    -220.721649169922
156.118    -1.23308396339417    -220.417999267578
156.217    -1.23505795001984    -220.45588684082
156.315    -1.1994765996933    -220.45588684082
156.413    -1.2073723077774    -220.645858764648
156.512    -1.18168592453003    -220.569580078125
156.61    -1.15597426891327    -220.342193603516
156.708    -1.13818359375    -220.493789672852
156.807    -1.14213144779205    -220.721649169922
156.905    -1.12039291858673    -220.45588684082
157.003    -1.10457623004913    -220.531677246094
157.102    -1.08678555488586    -220.45588684082
157.2    -1.07491660118103    -220.45588684082
157.298    -1.06702089309692    -220.68376159668
157.397    -1.06502175331116    -220.493789672852
157.495    -1.05515205860138    -220.569580078125
157.593    -1.0610738992691    -220.531677246094
157.692    -1.02549254894257    -220.607482910156
157.79    -1.03338825702667    -220.645858764648
157.888    -1.04130923748016    -220.607482910156
157.987    -1.02154469490051    -220.569580078125
158.085    -1.00375401973724    -220.265914916992
158.183    -0.981990158557892    -220.531677246094
158.282    -0.987937271595001    -220.493789672852
158.38    -0.966173470020294    -220.531677246094
158.478    -0.987937271595001    -220.342193603516
158.577    -0.983964085578918    -220.607482910156
158.675    -0.960251688957214    -220.45588684082
158.773    -0.960251688957214    -220.569580078125
158.872    -0.944434940814972    -220.45588684082
158.97    -0.964199542999268    -220.569580078125
159.068    -0.928618192672729    -220.569580078125
159.167    -0.944434940814972    -220.45588684082
159.265    -0.932566046714783    -220.303817749023
159.364    -0.926644265651703    -220.45588684082
159.462    -0.926644265651703    -220.45588684082
159.56    -0.91082751750946    -220.303817749023
159.659    -0.91082751750946    -220.645858764648
159.757    -0.904880464076996    -220.45588684082
159.855    -0.91082751750946    -220.417999267578
159.954    -0.8851158618927    -220.531677246094
160.176    13.0968761444092    765.712890625
160.274    11.5270719528198    766.054443359375
160.373    10.8034505844116    765.864990234375
160.471    10.3190784454346    766.20654296875
160.57    9.97308444976807    766.054443359375
160.668    9.7555980682373    765.940795898438
160.766    9.59743118286133    765.902893066406
160.865    9.46497535705566    765.902893066406
160.963    9.37007427215576    765.940795898438
161.061    9.28504371643066    766.244445800781
161.16    9.19609069824219    766.092346191406
161.258    9.15061473846436    766.244445800781
161.356    9.07547855377197    766.054443359375
161.455    9.02802848815918    766.244445800781
161.553    8.98057842254639    766.130249023438
161.651    8.92918014526367    766.016540527344
161.75    8.90149402618408    765.826599121094
161.848    8.83822727203369    766.092346191406
161.946    8.79472541809082    765.750793457031
162.045    8.73937892913818    766.054443359375
162.143    8.68400764465332    765.978698730469
162.241    8.65632247924805    766.20654296875
162.34    8.60097694396973    766.016540527344
162.438    8.56342124938965    766.20654296875
162.536    8.50607585906982    765.902893066406
162.635    8.46852111816406    766.054443359375
162.733    8.41907119750977    766.054443359375
162.831    8.37756824493408    766.130249023438
162.93    8.34198665618896    766.092346191406
163.028    8.29651069641113    766.20654296875
163.126    8.25300884246826    765.788696289063
163.225    8.20161056518555    766.20654296875
163.323    8.15810775756836    766.054443359375
163.421    8.09286689758301    766.130249023438
163.52    8.03157424926758    765.902893066406
163.618    8.0098352432251    766.054443359375
163.716    7.95249032974243    765.940795898438
163.815    7.89711904525757    765.978698730469
163.913    7.85364246368408    765.902893066406
164.011    7.81606149673462    766.282348632813
164.11    7.73895215988159    766.016540527344
164.208    7.71721363067627    766.130249023438
164.306    7.67371129989624    766.054443359375
164.405    7.6163911819458    766.130249023438
164.503    7.57288885116577    766.20654296875
164.601    7.52149105072021    766.054443359375
164.7    7.48788356781006    765.826599121094
164.798    7.41274785995483    765.940795898438
164.896    7.37716627120972    765.826599121094
164.995    7.32574272155762    766.130249023438
165.093    7.28026676177979    765.788696289063
165.191    7.25063228607178    766.168640136719
165.29    7.2031569480896    766.168640136719
165.388    7.16954946517944    766.168640136719
165.486    7.13002014160156    766.016540527344
165.585    7.09243965148926    766.358093261719
165.683    7.05883264541626    766.054443359375
165.781    7.01535558700562    766.20654296875
165.88    6.99359178543091    765.978698730469
165.978    6.94021940231323    765.978698730469
166.076    6.9263768196106    765.978698730469
166.175    6.88484811782837    766.016540527344
166.273    6.84729290008545    766.168640136719
166.371    6.81368589401245    766.168640136719
166.47    6.78007841110229    766.20654296875
166.568    6.75436639785767    765.978698730469
166.666    6.72470712661743    765.940795898438
166.765    6.70691633224487    766.130249023438
166.863    6.67528295516968    765.940795898438
166.961    6.65749216079712    765.978698730469
167.06    6.64562320709229    765.978698730469
167.158    6.61793756484985    766.130249023438
167.256    6.60806798934937    766.016540527344
167.355    6.56456565856934    766.20654296875
167.453    6.54282712936401    766.092346191406
167.551    6.52700996398926    766.054443359375
167.65    6.51514148712158    765.826599121094
167.748    6.48942947387695    765.978698730469
167.846    6.47163915634155    765.940795898438
167.945    6.45582246780396    765.902893066406
168.043    6.4400053024292    766.054443359375
168.141    6.43210983276367    766.130249023438
168.24    6.4063982963562    766.092346191406
168.338    6.408371925354    766.39599609375
168.436    6.40047645568848    765.978698730469
168.535    6.36884307861328    766.130249023438
168.633    6.36289596557617    765.978698730469
168.731    6.33523559570313    766.054443359375
168.83    6.33323621749878    765.978698730469
168.928    6.32139253616333    766.016540527344
169.026    6.28975915908813    766.054443359375
169.125    6.29765510559082    765.978698730469
169.223    6.2759165763855    765.902893066406
169.321    6.26996946334839    766.130249023438
169.42    6.2620735168457    766.054443359375
169.518    6.2600998878479    765.978698730469
169.616    6.24823093414307    766.092346191406
169.715    6.23833560943604    765.978698730469
169.813    6.22846603393555    766.016540527344
169.911    6.22649240493774    766.016540527344
170.01    6.22649240493774    766.130249023438
170.122    -22.2080707550049    -220.493789672852
170.221    -21.2610416412354    -220.152236938477
170.319    -20.7015342712402    -220.531677246094
170.417    -20.3456439971924    -220.22802734375
170.516    -20.0194149017334    -220.45588684082
170.614    -19.7287921905518    -220.569580078125
170.712    -19.4401416778564    -220.569580078125
170.811    -19.1119384765625    -220.303817749023
170.909    -18.7323379516602    -220.45588684082
171.007    -18.3072605133057    -220.303817749023
171.106    -17.9078941345215    -220.569580078125
171.204    -17.415599822998    -220.380096435547
171.302    -16.9687595367432    -220.569580078125
171.401    -16.4329891204834    -220.303817749023
171.499    -15.9426708221436    -220.380096435547
171.597    -15.4444313049316    -220.607482910156
171.696    -14.882924079895    -220.417999267578
171.794    -14.3550500869751    -220.45588684082
171.892    -13.7975168228149    -220.45588684082
171.991    -13.1846122741699    -220.380096435547
172.089    -12.5993928909302    -220.493789672852
172.187    -11.9884624481201    -220.380096435547
172.286    -11.3221855163574    -220.45588684082
172.384    -10.7191753387451    -220.342193603516
172.482    -10.1379041671753    -220.531677246094
172.581    -9.42812538146973    -220.531677246094
172.679    -8.77569103240967    -220.342193603516
172.777    -7.94335174560547    -220.303817749023
172.876    -7.20391321182251    -220.493789672852
172.974    -6.43876314163208    -220.380096435547
173.072    -5.68550682067871    -220.45588684082
173.171    -5.09039306640625    -220.380096435547
173.269    -4.57238864898682    -220.607482910156
173.367    -4.09788656234741    -220.22802734375
173.466    -3.72620606422424    -220.569580078125
173.564    -3.39405465126038    -220.645858764648
173.662    -3.08561563491821    -220.531677246094
173.761    -2.8780243396759    -220.380096435547
173.859    -2.68230152130127    -220.45588684082
173.957    -2.47471022605896    -220.265914916992
174.056    -2.34420323371887    -220.569580078125
174.154    -2.19198298454285    -220.417999267578
174.252    -2.09510850906372    -220.569580078125
174.351    -2.00218200683594    -220.417999267578
174.449    -1.92309844493866    -220.68376159668
174.547    -1.82422482967377    -220.45588684082
174.646    -1.75306224822998    -220.493789672852
174.744    -1.70166420936584    -220.493789672852
174.842    -1.6443190574646    -220.569580078125
174.941    -1.58697390556335    -220.303817749023
175.039    -1.54744470119476    -220.45588684082
175.138    -1.50591635704041    -220.493789672852
175.236    -1.48220384120941    -220.569580078125
175.334    -1.43672752380371    -220.380096435547
175.433    -1.41893696784973    -220.569580078125
175.531    -1.38335561752319    -220.493789672852
175.629    -1.36356568336487    -220.645858764648
175.728    -1.33390617370605    -220.303817749023
175.826    -1.30227267742157    -220.645858764648
175.924    -1.27461242675781    -220.531677246094
176.023    -1.25482249259949    -220.417999267578
176.121    -1.24495279788971    -220.22802734375
176.219    -1.21134543418884    -220.493789672852
176.318    -1.19750261306763    -220.380096435547
176.416    -1.19552874565125    -220.569580078125
176.514    -1.17971193790436    -220.569580078125
176.613    -1.17376494407654    -220.493789672852
176.711    -1.13028788566589    -220.45588684082
176.809    -1.14213144779205    -220.68376159668
176.908    -1.1223669052124    -220.303817749023
177.006    -1.13620960712433    -220.569580078125
177.104    -1.09468126296997    -220.114334106445
177.203    -1.10655009746552    -220.531677246094
177.301    -1.07886445522308    -220.380096435547
177.399    -1.05317807197571    -220.417999267578
177.498    -1.06304776668549    -220.493789672852
177.596    -1.03338825702667    -220.569580078125
177.694    -1.04525709152222    -220.493789672852
177.793    -1.0077018737793    -220.531677246094
177.891    -1.01164972782135    -220.22802734375
177.989    -1.03338825702667    -220.569580078125
178.088    -0.993859052658081    -220.190124511719
178.186    -1.00572788715363    -220.417999267578
178.284    -0.985938012599945    -220.417999267578
178.383    -0.989911198616028    -220.569580078125
178.481    -0.978042304515839    -220.493789672852
178.58    -0.983964085578918    -220.569580078125
178.678    -0.974094450473785    -220.493789672852
178.776    -0.954304575920105    -220.417999267578
178.875    -0.966173470020294    -220.45588684082
178.973    -0.946408867835999    -220.493789672852
179.071    -0.946408867835999    -220.076446533203
179.17    -0.928618192672729    -220.493789672852
179.268    -0.936513900756836    -220.493789672852
179.366    -0.938487827777863    -220.645858764648
179.465    -0.918723225593567    -220.645858764648
179.563    -0.930592119693756    -220.45588684082
179.661    -0.91082751750946    -220.380096435547
179.76    -0.92267107963562    -220.645858764648
179.858    -0.912801444530487    -220.569580078125
179.956    -0.914775371551514    -220.569580078125
180.178    13.0118713378906    765.940795898438
180.277    11.5942869186401    766.168640136719
180.375    10.7817115783691    765.826599121094
180.473    10.3111572265625    766.016540527344
180.572    9.95529365539551    765.826599121094
180.67    9.75362396240234    766.168640136719
180.768    9.59150886535645    766.054443359375
180.867    9.47681903839111    766.244445800781
180.965    9.37402248382568    765.978698730469
181.063    9.28701782226563    766.20654296875
181.162    9.21190738677979    766.016540527344
181.26    9.14071941375732    766.244445800781
181.358    9.07547855377197    765.902893066406
181.457    9.03197574615479    765.902893066406
181.555    8.98649978637695    765.902893066406
181.653    8.93510150909424    766.168640136719
181.752    8.87380886077881    766.016540527344
181.85    8.84217548370361    766.054443359375
181.948    8.77693462371826    766.130249023438
182.047    8.75322246551514    766.282348632813
182.145    8.70179843902588    765.978698730469
182.243    8.65632247924805    766.092346191406
182.342    8.61481952667236    766.244445800781
182.44    8.56736946105957    766.20654296875
182.538    8.51002407073975    765.978698730469
182.637    8.47444248199463    766.168640136719
182.735    8.42699241638184    766.130249023438
182.833    8.37559413909912    766.244445800781
182.932    8.33603954315186    765.902893066406
183.03    8.2826681137085    766.130249023438
183.128    8.23719215393066    766.016540527344
183.227    8.19566345214844    766.130249023438
183.325    8.14821338653564    765.788696289063
183.423    8.09878921508789    765.978698730469
183.522    8.0711030960083    765.978698730469
183.62    7.99796676635742    766.130249023438
183.718    7.94456958770752    766.054443359375
183.817    7.891197681427    765.978698730469
183.915    7.85364246368408    766.130249023438
184.013    7.79234933853149    766.016540527344
184.112    7.73895215988159    766.054443359375
184.21    7.69150161743164    766.054443359375
184.308    7.64207744598389    765.940795898438
184.407    7.6005744934082    766.20654296875
184.505    7.5471773147583    766.054443359375
184.603    7.50370025634766    766.130249023438
184.702    7.46611976623535    766.092346191406
184.8    7.41472148895264    766.20654296875
184.898    7.37914037704468    766.054443359375
184.997    7.32971620559692    766.358093261719
185.095    7.28621387481689    766.092346191406
185.193    7.23876333236694    765.902893066406
185.292    7.19131326675415    765.902893066406
185.39    7.1418890953064    765.978698730469
185.488    7.10825634002686    766.016540527344
185.587    7.06477928161621    766.130249023438
185.685    7.03314590454102    765.978698730469
185.783    6.99953842163086    766.168640136719
185.882    6.95406246185303    766.20654296875
185.98    6.93824577331543    766.054443359375
186.078    6.8967170715332    766.20654296875
186.177    6.85718822479248    765.940795898438
186.275    6.83147621154785    765.978698730469
186.373    6.79984283447266    766.016540527344
186.472    6.77018356323242    766.054443359375
186.57    6.73657608032227    766.054443359375
186.668    6.71681118011475    766.054443359375
186.767    6.67923069000244    766.130249023438
186.865    6.65157032012939    765.978698730469
186.963    6.63970184326172    766.054443359375
187.062    6.61596345901489    766.130249023438
187.16    6.58830308914185    766.130249023438
187.258    6.56061744689941    765.826599121094
187.357    6.55072259902954    766.054443359375
187.455    6.52700996398926    765.978698730469
187.553    6.50921964645386    766.092346191406
187.652    6.49537658691406    766.130249023438
187.75    6.48745584487915    766.054443359375
187.848    6.46176910400391    766.130249023438
187.947    6.42813682556152    765.978698730469
188.045    6.4222149848938    766.092346191406
188.143    6.39255523681641    765.978698730469
188.242    6.37871265411377    766.130249023438
188.34    6.36486959457397    765.978698730469
188.438    6.35697412490845    766.054443359375
188.537    6.35105228424072    766.282348632813
188.635    6.32731437683105    766.168640136719
188.733    6.32731437683105    766.244445800781
188.832    6.30557584762573    766.130249023438
188.93    6.29765510559082    766.054443359375
189.028    6.2937068939209    766.092346191406
189.127    6.28183794021606    765.978698730469
189.225    6.2759165763855    766.130249023438
189.323    6.23438787460327    765.978698730469
189.422    6.25615167617798    766.168640136719
189.52    6.22846603393555    765.978698730469
189.618    6.22251892089844    766.130249023438
189.717    6.21264934539795    766.130249023438
189.815    6.20472860336304    766.358093261719
189.913    6.21067571640015    766.244445800781
190.012    6.18496370315552    765.902893066406
190.124    -22.1704902648926    -220.645858764648
190.223    -21.2570934295654    -220.380096435547
190.321    -20.7291946411133    -220.493789672852
190.419    -20.3278541564941    -220.303817749023
190.518    -20.0332565307617    -220.45588684082
190.616    -19.74658203125    -220.22802734375
190.714    -19.4678020477295    -220.22802734375
190.813    -19.1277561187744    -220.303817749023
190.911    -18.7679195404053    -220.45588684082
191.009    -18.330997467041    -220.45588684082
191.108    -17.9197616577148    -220.493789672852
191.206    -17.4274444580078    -220.45588684082
191.304    -16.9707584381104    -220.873245239258
191.403    -16.4942569732666    -220.417999267578
191.501    -15.9485921859741    -220.493789672852
191.599    -15.4543256759644    -220.380096435547
191.698    -14.9422435760498    -220.645858764648
191.796    -14.3629713058472    -220.303817749023
191.894    -13.8192548751831    -220.493789672852
191.993    -13.2459049224854    -220.303817749023
192.091    -12.6231307983398    -220.569580078125
192.189    -12.0181217193604    -220.380096435547
192.288    -11.417085647583    -220.493789672852
192.386    -10.7567310333252    -220.45588684082
192.484    -10.1655902862549    -220.721649169922
192.583    -9.45778465270996    -220.190124511719
192.681    -8.76582145690918    -220.531677246094
192.779    -8.05604267120361    -220.265914916992
192.878    -7.21578168869019    -220.68376159668
192.976    -6.45855283737183    -220.380096435547
193.074    -5.75074768066406    -220.45588684082
193.173    -5.10028791427612    -220.493789672852
193.271    -4.60599613189697    -220.797439575195
193.369    -4.14931011199951    -220.45588684082
193.468    -3.73015379905701    -220.493789672852
193.566    -3.41776704788208    -220.45588684082
193.664    -3.14098691940308    -220.569580078125
193.763    -2.89186692237854    -220.45588684082
193.861    -2.66845893859863    -220.607482910156
193.959    -2.48457980155945    -220.645858764648
194.058    -2.34620237350464    -220.835342407227
194.156    -2.20977354049683    -220.303817749023
194.255    -2.0753185749054    -220.493789672852
194.353    -1.98439145088196    -220.303817749023
194.451    -1.91122961044312    -220.493789672852
194.55    -1.83806765079498    -220.342193603516
194.648    -1.78469574451447    -220.721649169922
194.746    -1.70363807678223    -220.342193603516
194.845    -1.64629292488098    -220.607482910156
194.943    -1.60478985309601    -220.265914916992
195.041    -1.56128752231598    -220.531677246094
195.14    -1.51581120491028    -220.380096435547
195.238    -1.46243929862976    -220.45588684082
195.336    -1.43080580234528    -220.45588684082
195.435    -1.40509414672852    -220.607482910156
195.533    -1.37938249111176    -220.380096435547
195.631    -1.33390617370605    -220.531677246094
195.73    -1.32403647899628    -220.380096435547
195.828    -1.3141416311264    -220.645858764648
195.926    -1.28250813484192    -220.45588684082
196.025    -1.25682175159454    -220.45588684082
196.123    -1.23505795001984    -220.303817749023
196.221    -1.24100494384766    -220.569580078125
196.32    -1.21134543418884    -220.190124511719
196.418    -1.19552874565125    -220.380096435547
196.516    -1.17971193790436    -220.342193603516
196.615    -1.13818359375    -220.45588684082
196.713    -1.14807856082916    -220.265914916992
196.811    -1.12039291858673    -220.531677246094
196.91    -1.1223669052124    -220.493789672852
197.008    -1.10457623004913    -220.493789672852
197.107    -1.08481156826019    -220.303817749023
197.205    -1.09073340892792    -220.380096435547
197.303    -1.08481156826019    -220.493789672852
197.402    -1.07886445522308    -220.45588684082
197.5    -1.05317807197571    -220.22802734375
197.598    -1.05317807197571    -220.569580078125
197.697    -1.03736138343811    -220.303817749023
197.795    -1.02746641635895    -220.45588684082
197.893    -1.02549254894257    -220.45588684082
197.992    -1.01164972782135    -220.645858764648
198.09    -1.00572788715363    -220.303817749023
198.188    -0.991885125637054    -220.68376159668
198.287    -0.993859052658081    -220.303817749023
198.385    -0.978042304515839    -220.607482910156
198.483    -0.985938012599945    -220.190124511719
198.582    -0.983964085578918    -220.45588684082
198.68    -0.972120523452759    -220.417999267578
198.778    -0.968147397041321    -220.645858764648
198.877    -0.954304575920105    -220.417999267578
198.975    -0.946408867835999    -220.45588684082
199.073    -0.946408867835999    -220.303817749023
199.172    -0.934539973735809    -220.68376159668
199.27    -0.934539973735809    -220.22802734375
199.368    -0.91674929857254    -220.569580078125
199.467    -0.926644265651703    -220.45588684082
199.565    -0.912801444530487    -220.493789672852
199.663    -0.91082751750946    -220.417999267578
199.762    -0.900932610034943    -220.68376159668
199.86    -0.904880464076996    -220.493789672852
199.959    -0.918723225593567    -220.569580078125
