sec"   "mA"   "mV
0.153    -4.54670906066895    -19.1965770721436
0.251    -11.0674333572388    -12.9321432113647
0.349    -4.39145374298096    -9.66676425933838
0.446    -3.73168063163757    -5.83180379867554
0.544    -10.1552772521973    -0.592327117919922
0.642    -5.01247501373291    4.19177532196045
0.742    -10.1359014511108    8.89957714080811
0.842    -3.59580111503601    13.3420276641846
0.942    -10.1940288543701    17.7465705871582
1.042    -4.35270214080811    22.4164657592773
1.143    -12.1348457336426    27.618034362793
1.243    -4.44958162307739    32.1742095947266
1.343    -4.48833322525024    37.6037101745605
1.443    -4.54670906066895    41.0586242675781
1.543    -4.02256727218628    46.829776763916
1.644    -3.07165908813477    49.9814300537109
1.744    -4.37207794189453    56.3979797363281
1.844    -4.25557422637939    60.1945495605469
1.944    -3.32404232025146    65.5861434936523
2.044    -3.61517715454102    68.7373123168945
2.144    -4.31370210647583    74.9264144897461
2.245    -2.97477984428406    78.4192352294922
2.345    -3.61517715454102    84.2287826538086
2.445    -8.66085147857666    88.974494934082
2.545    -3.94506359100342    93.9102249145508
2.645    -8.09820652008057    98.8464431762695
2.746    -2.56714129447937    103.060958862305
2.846    -7.67119216918945    108.489974975586
2.946    -2.81952452659607    112.097007751465
3.046    -8.56397247314453    117.640716552734
3.146    -3.14941096305847    121.778930664063
3.247    -7.16667413711548    126.753059387207
3.347    -10.9509305953979    132.220458984375
3.447    -8.09820652008057    136.66242980957
3.547    -10.9896821975708    141.901901245117
3.647    -7.94295072555542    145.357299804688
3.748    -10.6210432052612    151.128448486328
3.848    -8.73860359191895    155.077133178711
3.948    -9.88351821899414    160.240798950195
4.048    -8.79673099517822    164.606948852539
4.148    -9.39837646484375    169.61897277832
4.249    -10.2717809677124    174.060943603516
4.349    -9.57300758361816    179.186706542969
4.449    -10.2327814102173    183.0595703125
4.549    -8.85510730743408    188.451156616211
4.649    -11.688455581665    192.703582763672
4.75    -8.23408603668213    197.677230834961
4.85    -11.3973207473755    201.663818359375
4.95    -7.36068105697632    206.979598999023
5.05    -11.7659587860107    211.117813110352
5.15    1.99339139461517    215.142791748047
5.251    -14.754810333252    221.179779052734
5.351    1.35299408435822    224.824722290039
5.451    -11.5138235092163    229.646255493164
5.551    0.829100430011749    233.860763549805
5.651    -11.8049583435059    239.138641357422
5.752    2.01276731491089    242.707275390625
5.852    -14.8323135375977    248.858474731445
5.952    1.5082494020462    252.313385009766
6.052    -13.5515193939209    258.198760986328
6.152    0.479838013648987    261.919494628906
6.253    -5.3617377281189    268.373962402344
6.353    0.208079040050507    271.828857421875
6.453    -6.44852495193481    277.524200439453
6.553    0.906603872776031    280.523742675781
6.653    -5.32298612594604    287.396148681641
6.754    1.93526375293732    289.560272216797
6.854    -5.40048933029175    296.394287109375
6.954    1.21711456775665    298.786346435547
7.054    -3.57642531394958    305.848297119141
7.154    -7.30255365371704    310.594482421875
7.255    -5.18710660934448    315.41650390625
7.355    -5.86625528335571    319.706848144531
7.455    -3.84793591499329    324.984222412109
7.555    -7.08892250061035    329.844146728516
7.655    -2.6058931350708    333.982849121094
7.756    -8.11758232116699    339.146514892578
7.856    -2.62526893615723    343.323120117188
7.956    -7.03079462051392    347.613464355469
8.056    -11.4360723495483    353.156677246094
8.156    -8.23408603668213    357.333282470703
8.257    -11.3391923904419    362.534851074219
8.357    -8.1950855255127    367.205230712891
8.457    -11.4554481506348    372.444702148438
8.557    -7.51593685150146    376.165466308594
8.657    -10.8928022384644    381.519134521484
8.757    -7.1276741027832    385.809478759766
8.858    -10.6404190063477    390.97314453125
8.958    -8.21446132659912    394.352233886719
9.058    -10.7181711196899    400.047576904297
9.158    -5.71099996566772    403.464599609375
9.258    -10.5239162445068    409.767425537109
9.359    -8.42809295654297    413.450256347656
9.459    -10.6210432052612    418.917663574219
9.559    -6.39039754867554    422.638427734375
9.659    -10.0581493377686    428.257934570313
9.759    -5.80812788009644    431.788665771484
9.86    -10.2717809677124    437.939880371094
9.96    -7.63244009017944    441.318969726563
10.06    1.87713611125946    446.558441162109
10.16    -6.35139751434326    450.697143554688
10.26    2.80866813659668    455.291229248047
10.361    -7.30255365371704    459.961120605469
10.461    2.57566094398499    465.466430664063
10.561    -3.78980827331543    469.301391601563
10.661    2.69216465950012    474.61669921875
10.761    -5.28423404693604    478.755401611328
10.862    4.43872499465942    483.881164550781
10.962    0.945604026317596    488.665252685547
11.062    4.69110822677612    493.107208251953
11.162    3.75957608222961    497.967132568359
11.262    4.92386722564697    502.637512207031
11.362    3.31318593025208    507.345336914063
11.463    5.38963317871094    511.901519775391
11.563    4.47747707366943    516.609802246094
11.663    5.75851964950562    521.355529785156
11.763    5.0016188621521    526.557067871094
11.863    -3.61517715454102    532.480346679688
11.964    7.5050802230835    535.176147460938
12.064    -3.44054579734802    541.972290039063
12.164    4.98224306106567    545.237670898438
12.264    -3.40154576301575    552.033752441406
12.364    7.07806587219238    554.236267089844
12.465    -2.45063781738281    560.766540527344
12.565    6.76755523681641    563.690246582031
12.665    -1.1698431968689    570.296325683594
12.765    6.53479671478271    573.485900878906
12.865    -0.742828905582428    579.40869140625
12.965    -3.36279392242432    583.281555175781
13.066    -1.13109147548676    588.786865234375
13.166    -2.72239661216736    592.431823730469
13.266    0.673845112323761    598.696716308594
13.366    -1.82961630821228    601.924194335938
13.466    0.208079040050507    607.922790527344
13.567    -2.91640377044678    611.340270996094
13.667    0.149703025817871    617.073547363281
13.767    -2.00424766540527    620.680053710938
13.867    8.1648530960083    624.097595214844
13.967    -1.94612002372742    630.058288574219
14.068    6.88405895233154    633.893249511719
14.168    0.227454900741577    639.360656738281
14.268    8.00959777832031    643.87890625
14.368    -0.296438753604889    649.004638671875
14.468    8.43661212921143    652.6875
14.569    1.19773876667023    658.040710449219
14.669    7.75721502304077    662.065673828125
14.769    15.5783586502075    667.912658691406
14.869    10.3384284973145    671.178039550781
14.969    14.8795852661133    677.404541015625
15.069    10.1831731796265    680.479919433594
15.17    15.9857482910156    686.47900390625
15.27    10.9982013702393    689.478515625
15.37    16.3933868408203    696.464660644531
15.47    12.1239891052246    699.160461425781
15.57    18.5669612884521    705.159545898438
15.67    9.3293924331665    700.755004882813
15.77    16.6067695617676    696.692565917969
15.869    8.04835033416748    691.110961914063
15.969    15.2678480148315    686.78271484375
16.068    7.69908761978149    680.632019042969
16.168    15.2094717025757    676.683349609375
16.267    8.417236328125    670.950073242188
16.367    12.6285066604614    667.267272949219
16.466    5.95252704620361    661.268188476563
16.566    12.2208681106567    657.129455566406
16.665    5.04037046432495    650.789184570313
16.765    11.4639673233032    647.2958984375
16.864    1.89651203155518    641.448913574219
16.964    10.5714359283447    637.34814453125
17.063    4.38059759140015    630.969482421875
17.163    9.52340030670166    627.590393066406
17.262    1.45012187957764    621.857177734375
17.362    9.42627239227295    617.03515625
17.461    1.45012187957764    611.036560058594
17.561    7.44670438766479    607.3916015625
17.66    0.0528236925601959    601.544128417969
17.76    7.42732858657837    597.481750488281
17.859    -1.82961630821228    592.204345703125
17.959    -6.15739011764526    589.128540039063
18.058    -0.180183529853821    581.762817382813
18.157    -6.17676591873169    579.067016601563
18.257    -1.82961630821228    571.511352539063
18.356    -7.03079462051392    568.853942871094
18.456    -1.3444744348526    561.601928710938
18.555    -7.84582328796387    559.171997070313
18.655    -1.81024050712585    552.033752441406
18.754    -8.44746875762939    548.996276855469
18.854    -3.92568778991699    542.048095703125
18.953    -9.18499374389648    539.276489257813
19.053    -6.25451803207397    532.290344238281
19.152    -9.72826290130615    529.405029296875
19.252    -4.48833322525024    522.039306640625
19.351    -9.88351821899414    519.419311523438
19.451    -6.2738938331604    512.091552734375
19.55    -11.843710899353    509.699493408203
19.65    -7.63244009017944    502.789154052734
19.749    -11.0286817550659    499.637969970703
19.849    -7.51593685150146    492.727661132813
19.948    -12.0183420181274    489.652313232422
20.048    -5.92463159561157    484.792388916016
20.147    -13.0080013275146    479.742462158203
20.247    -2.89702796936035    474.047119140625
20.346    -13.0663776397705    469.605163574219
20.446    -6.68153238296509    465.162689208984
20.545    -13.4737672805786    459.733184814453
20.645    -5.14835453033447    454.380004882813
20.744    -12.775242805481    449.520080566406
20.844    -4.95409917831421    444.318511962891
20.943    -14.114164352417    439.876068115234
21.043    -6.21576642990112    434.408660888672
21.142    -14.599555015564    430.269958496094
21.241    -4.39145374298096    424.043426513672
21.341    -14.6189308166504    419.600982666016
21.44    -8.66085147857666    415.006896972656
21.54    -16.0356044769287    410.222778320313
21.639    -5.65287256240845    404.451629638672
21.739    -14.5024271011353    399.857574462891
21.838    -8.15633392333984    394.997650146484
21.938    -16.0162296295166    390.024017333984
22.037    -9.22374534606934    384.822448730469
22.137    -16.4429950714111    379.962524414063
22.236    -7.22480201721191    374.722564697266
22.336    -5.32298612594604    368.647644042969
22.435    -5.57512044906616    364.889007568359
22.535    -6.77841138839722    359.004119873047
22.634    -10.6016674041748    355.472900390625
22.734    -6.62315607070923    348.866333007813
22.833    -10.2327814102173    345.183502197266
22.933    -6.77841138839722    339.108581542969
23.032    -11.5138235092163    335.425750732422
23.132    -8.7773551940918    329.388763427734
23.231    -9.06849002838135    325.3642578125
23.331    -7.47718477249146    319.099334716797
23.43    -12.1348457336426    315.720245361328
23.53    -8.38934135437012    309.303680419922
23.629    -13.9979095458984    306.304138183594
23.729    -8.09820652008057    298.9384765625
23.828    -13.6873989105225    296.090545654297
23.928    -7.1860499382019    289.028594970703
24.027    -14.6964340209961    285.953247070313
24.126    -7.32192945480347    278.891296386719
24.226    -11.998966217041    275.891754150391
24.325    -6.95304298400879    269.057250976563
24.425    -16.2683639526367    267.007354736328
24.524    -6.56502866744995    258.995788574219
24.624    -19.1600875854492    256.414184570313
24.723    -7.86519908905029    249.351760864258
24.823    -20.8678970336914    246.466415405273
24.922    -6.66190814971924    239.06233215332
25.022    -19.1600875854492    236.290725708008
25.121    -6.68153238296509    229.11506652832
25.221    -18.2285556793213    226.41926574707
25.32    -5.67224836349487    219.09147644043
25.42    -21.1006546020508    217.269012451172
25.519    -5.80812788009644    209.371643066406
25.619    -19.9751167297363    206.675842285156
25.718    -5.26460981369019    199.53759765625
25.818    -22.1486911773682    197.905151367188
25.917    -7.16667413711548    189.666137695313
26.017    -20.9650249481201    187.27409362793
26.116    -7.82644748687744    180.097930908203
26.216    -20.7320175170898    177.060485839844
26.315    -7.28292942047119    169.61897277832
26.415    -20.4992580413818    167.872329711914
26.514    -6.87553930282593    159.899139404297
26.614    -20.8485202789307    157.35498046875
26.713    -5.67224836349487    149.495513916016
26.813    -19.8586120605469    147.445602416992
26.912    -14.3084201812744    142.319854736328
27.012    -19.4705982208252    137.156188964844
27.111    -14.269419670105    132.182067871094
27.211    -19.0048332214355    127.664283752441
27.31    -13.4543914794922    122.690170288086
27.41    -17.3163986206055    117.716529846191
27.509    -13.0857534408569    112.894515991211
27.609    -16.4626197814941    107.389205932617
27.708    -11.4748239517212    102.643013000488
27.808    -14.6383066177368    97.0997848510742
27.907    -11.1255617141724    92.2777786254883
28.007    -16.501371383667    87.9495391845703
28.106    -9.767014503479    82.7858734130859
28.206    -15.8025979995728    78.3434219360352
28.305    -12.9111223220825    73.2934799194336
28.405    -15.8609733581543    67.8644714355469
28.504    -11.0480575561523    63.3082962036133
28.604    -15.3562078475952    57.9546127319336
28.703    -11.0090579986572    52.9425811767578
28.803    -12.309476852417    47.5135650634766
28.902    -11.1061859130859    43.0332069396973
29.002    -13.493143081665    38.2491073608398
29.101    -10.9703063964844    33.0854454040527
29.201    -8.07883071899414    28.4155464172363
29.3    -11.4944477081299    23.3276996612549
29.4    -6.42914915084839    17.7844772338867
29.499    -12.0764694213867    14.1016330718994
29.599    -6.6037802696228    8.74794769287109
29.698    -11.2033128738403    3.81221604347229
29.798    -5.61412048339844    -1.76939904689789
29.901    -12.3869800567627    -5.79389667510986
30.005    -12.7168664932251    -11.4892339706421
30.108    -6.0215106010437    -18.2474346160889
30.212    -5.28423404693604    -22.689884185791
30.315    -13.0663776397705    -26.5622673034668
30.419    -12.9692497253418    -32.5613479614258
30.522    -7.49656057357788    -38.8262672424316
30.625    -4.54670906066895    -43.7619972229004
30.729    -10.0775260925293    -47.6727752685547
30.832    -4.5854606628418    -53.1780891418457
30.936    -9.37900066375732    -57.8863754272461
31.039    -12.8333702087402    -63.163761138916
31.143    -11.5719518661499    -68.7448883056641
31.246    -4.91534757614136    -74.7818756103516
31.35    -8.42809295654297    -78.8826751708984
31.453    -13.2216329574585    -83.6662902832031
31.557    -11.7272071838379    -89.6274642944336
31.66    -6.72028398513794    -95.2848968505859
31.764    -11.688455581665    -99.5752334594727
31.867    -6.58440446853638    -105.42219543457
31.971    -5.86625528335571    -110.054183959961
32.074    -13.0273771286011    -114.345008850098
32.178    -13.2410087585449    -120.077766418457
32.281    -8.87448310852051    -126.191055297852
32.385    -4.95409917831421    -131.050979614258
32.488    -13.0273771286011    -135.037567138672
32.592    -13.3768882751465    -140.732421875
32.695    -8.58334827423096    -146.959426879883
32.799    -12.8527460098267    -150.490646362305
32.902    -10.1359014511108    -156.527145385742
33.006    -4.87659549713135    -161.729202270508
33.109    -12.1154699325562    -165.943237304688
33.213    -13.7842779159546    -171.449035644531
33.316    -11.4944477081299    -176.726425170898
33.42    -6.39039754867554    -182.877136230469
33.523    -9.3596248626709    -186.78791809082
33.627    -15.1428241729736    -191.609924316406
33.73    -12.0570936203003    -197.684814453125
33.834    -14.424674987793    -201.785614013672
33.988    -12.6974906921387    -196.925704956055
34.086    -10.562915802002    -192.407440185547
34.184    -4.08094310760498    -188.838317871094
34.281    -11.4166965484619    -182.573394775391
34.379    -3.82856011390686    -179.194290161133
34.476    -9.63138389587402    -174.676025390625
34.574    -12.0958452224731    -169.246520996094
34.672    -8.44746875762939    -165.2978515625
34.769    -12.6974906921387    -159.944641113281
34.867    -10.5822916030884    -155.464294433594
34.964    -11.7272071838379    -150.870208740234
35.062    -12.1348457336426    -145.820266723633
35.16    -3.47929763793945    -142.593276977539
35.257    -8.40871715545654    -137.884994506836
35.355    -2.9357795715332    -132.873443603516
35.452    -7.06954622268677    -129.076400756836
35.55    -11.5138235092163    -123.571075439453
35.648    -10.1940288543701    -118.597434997559
35.745    -12.0764694213867    -114.345008850098
35.843    -10.9896821975708    -109.712532043457
35.94    -4.27495002746582    -105.61222076416
36.038    -10.79567527771    -99.3852081298828
36.136    -3.47929763793945    -95.8544769287109
36.233    -6.73965978622437    -92.2474517822266
36.331    -11.0480575561523    -86.8558578491211
36.428    -7.57406425476074    -82.7550582885742
36.526    -11.5913276672363    -76.832275390625
36.624    -11.5138235092163    -72.5798492431641
36.721    -11.3001928329468    -68.2136993408203
36.819    -10.1940288543701    -63.239574432373
36.916    -4.62421274185181    -59.2908935546875
37.014    -4.56608486175537    -55.6080474853516
37.112    -4.10031890869141    -49.8368949890137
37.209    -4.70196437835693    -45.9640274047852
37.307    -9.78663921356201    -41.2562255859375
37.404    -4.41082954406738    -36.7758674621582
37.502    -12.2901010513306    -31.2326469421387
37.6    -11.9018383026123    -26.4485454559326
37.697    -5.01247501373291    -23.0315380096436
37.795    -10.407660484314    -17.3362007141113
37.892    -5.40048933029175    -13.9191923141479
37.99    -4.43020534515381    -10.0084171295166
38.088    -11.7853345870972    -4.27517223358154
38.185    -3.09103488922119    -0.364396989345551
38.283    -11.8630867004395    5.59677743911743
38.383    -4.70196437835693    9.43125247955322
38.483    -11.6690788269043    14.1395397186279
38.583    -3.65392875671387    18.5435962677002
38.684    -11.0090579986572    23.7451667785645
38.784    -3.78980827331543    28.1118030548096
38.884    -10.6791715621948    32.8954200744629
38.984    -4.08094310760498    37.3378715515137
39.084    -12.3676042556763    42.5394401550293
39.185    -3.92568778991699    46.829776763916
39.285    -5.22585821151733    52.1076469421387
39.385    -4.39145374298096    56.3221664428711
39.485    -3.6926805973053    61.1820831298828
39.585    -2.50901365280151    64.9407424926758
39.686    -3.82856011390686    71.1293640136719
39.786    -3.22691440582275    74.6605758666992
39.886    -5.30360984802246    80.5838470458984
39.986    -3.78980827331543    83.6592025756836
40.086    -4.10031890869141    89.6961898803711
40.186    -8.7773551940918    95.0493850708008
40.287    -4.0031909942627    98.9980697631836
40.387    -7.3800573348999    104.123825073242
40.487    -3.65392875671387    108.680000305176
40.587    -9.78663921356201    114.033683776855
40.687    -3.90631198883057    117.716529846191
40.788    -6.73965978622437    122.690170288086
40.888    -3.45992159843445    127.398452758789
40.988    -9.53425598144531    132.78955078125
41.088    -3.34341812133789    136.66242980957
41.188    -9.22374534606934    142.01611328125
41.289    -11.4748239517212    147.217681884766
41.389    -7.962327003479    150.900527954102
41.489    -10.9509305953979    156.520050048828
41.589    -6.89491510391235    160.278701782227
41.689    -11.3195686340332    165.859832763672
41.789    -8.11758232116699    169.960632324219
41.89    -10.9121780395508    175.200103759766
41.99    -8.89385890960693    179.414627075195
42.09    -10.0193977355957    184.540390014648
42.19    -8.50559616088867    188.564880371094
42.29    -10.2717809677124    193.842758178711
42.391    -9.39837646484375    198.056793212891
42.491    -10.0000219345093    203.37255859375
42.591    -10.3880367279053    207.017501831055
42.691    -9.24312114715576    212.371185302734
42.791    -11.2033128738403    216.661514282227
42.892    -9.0297384262085    222.052627563477
42.992    -11.4554481506348    226.077606201172
43.092    1.39174580574036    230.367950439453
43.192    -13.2797603607178    236.024887084961
43.292    1.68288064002991    239.4423828125
43.392    -11.8049583435059    244.643951416016
43.493    2.07114315032959    248.972198486328
43.593    -12.154221534729    254.40168762207
43.693    1.29486644268036    258.312469482422
43.793    -12.4063558578491    263.855682373047
43.893    2.26515030860901    267.652740478516
43.994    -14.289044380188    273.689727783203
44.094    1.13961112499237    277.106750488281
44.194    -7.47718477249146    283.485382080078
44.294    1.81876015663147    286.332794189453
44.394    -8.21446132659912    293.356842041016
44.495    1.99339139461517    295.369354248047
44.595    -6.21576642990112    301.938018798828
44.695    1.99339139461517    304.709625244141
44.795    -7.32192945480347    311.277801513672
44.895    1.54700112342834    314.239440917969
44.995    -5.75    320.618072509766
45.096    -5.944007396698    325.857543945313
45.196    -7.88457489013672    330.490020751953
45.296    -8.44746875762939    335.159912109375
45.396    -6.87553930282593    340.475189208984
45.496    -8.1950855255127    344.651824951172
45.597    -5.84687948226929    349.473815917969
45.697    -7.20542573928833    353.840454101563
45.797    -5.24523401260376    358.814086914063
45.897    -8.95198631286621    363.598205566406
45.997    -11.7659587860107    368.192291259766
46.097    -7.05017042160034    372.786376953125
46.198    -11.7078313827515    377.228820800781
46.298    -5.49761724472046    381.519134521484
46.398    -12.3482284545898    386.986541748047
46.498    -8.91323471069336    392.1123046875
46.598    -10.6791715621948    396.288452148438
46.699    -7.30255365371704    401.224670410156
46.799    -11.0090579986572    405.287048339844
46.899    -6.68153238296509    409.956939697266
46.999    -11.1839370727539    415.006896972656
47.099    -4.0031909942627    418.576019287109
47.2    -11.3001928329468    424.270874023438
47.3    -4.31370210647583    427.839996337891
47.4    -10.7181711196899    433.345306396484
47.5    -2.85827612876892    436.686492919922
47.6    -10.5822916030884    443.330993652344
47.7    -2.00424766540527    446.102600097656
47.801    -9.22374534606934    452.519622802734
47.901    -3.40154576301575    456.050354003906
48.001    3.44906544685364    461.593566894531
48.101    -2.62526893615723    464.896850585938
48.201    3.50719308853149    471.009674072266
48.302    1.45012187957764    474.237121582031
48.402    5.70014381408691    480.653686523438
48.502    -0.335438877344131    484.032775878906
48.602    4.82698774337769    489.9560546875
48.702    -0.0830557867884636    493.373046875
48.803    5.9137749671936    499.18212890625
48.903    -2.54776549339294    504.763732910156
49.003    6.1077823638916    508.446594238281
49.103    0.712596833705902    513.116516113281
49.203    6.39891719818115    517.976440429688
49.304    -0.548821806907654    523.330078125
49.404    6.65105199813843    527.468322753906
49.504    -1.61623334884644    532.404541015625
49.604    6.26303768157959    537.036560058594
49.704    -0.60694944858551    541.744323730469
49.804    7.5050802230835    545.883056640625
49.905    3.09955453872681    550.856689453125
50.005    -4.10031890869141    556.81787109375
50.105    3.19668245315552    559.551574707031
50.205    -3.5180492401123    566.158142089844
50.305    0.925979793071747    570.068908691406
50.406    -3.71205639839172    576.333312988281
50.506    3.19668245315552    578.801208496094
50.606    -2.95540404319763    585.369873046875
50.706    2.73091626167297    587.7998046875
50.806    -1.69373691082001    594.861755371094
50.906    -1.40285050868988    597.671752929688
51.007    -1.42222630977631    603.898315429688
51.107    0.518589735031128    606.480346679688
51.207    -1.38322615623474    613.580200195313
51.307    0.343958526849747    615.592712402344
51.407    0.227454900741577    622.654663085938
51.508    2.43978142738342    625.882141113281
51.608    -0.199559405446053    632.450317382813
51.708    1.87713611125946    634.65234375
51.808    10.7654428482056    640.385559082031
51.908    1.21711456775665    644.144714355469
52.009    11.0759534835815    649.99169921875
52.109    1.35299408435822    653.560852050781
52.209    12.143364906311    659.179870605469
52.309    3.15793061256409    662.596862792969
52.409    12.7837619781494    668.671752929688
52.51    5.07912254333496    672.393005371094
52.61    14.3944435119629    677.556640625
52.71    7.44670438766479    680.632019042969
52.81    12.8612661361694    687.542358398438
52.91    12.2402439117432    691.680541992188
53.01    14.821457862854    696.768432617188
53.111    15.9469966888428    701.248779296875
53.211    13.5406627655029    698.438781738281
53.31    11.1924571990967    692.857604980469
53.41    11.250584602356    688.833129882813
53.509    9.9697904586792    682.909851074219
53.609    13.5987911224365    678.126220703125
53.708    10.4936838150024    672.544616699219
53.808    10.1444215774536    668.520141601563
53.907    11.5610952377319    662.558959960938
54.007    10.3384284973145    658.230712890625
54.106    10.2803010940552    653.067077636719
54.205    8.63062000274658    648.01708984375
54.305    -0.141183391213417    643.499328613281
54.404    8.04835033416748    638.107727050781
54.504    -0.87870842218399    633.247802734375
54.603    8.00959777832031    628.273681640625
54.703    -2.9357795715332    623.831726074219
54.802    7.5050802230835    617.681030273438
54.902    -2.6058931350708    613.466491699219
55.001    6.45704460144043    607.656982421875
55.101    -3.14941096305847    603.898315429688
55.2    2.65341281890869    598.924682617188
55.3    -4.27495002746582    593.988464355469
55.399    2.92492341995239    588.521057128906
55.499    -3.6926805973053    583.851135253906
55.598    1.70225656032562    578.611694335938
55.698    -7.49656057357788    574.093383789063
55.797    1.35299408435822    568.777648925781
55.897    -5.41986513137817    563.917724609375
55.996    0.110951296985149    558.640319824219
56.096    -9.32087326049805    554.463684082031
56.195    0.945604026317596    548.00927734375
56.295    -9.06849002838135    544.781799316406
56.394    -0.62657368183136    538.251525878906
56.494    -6.09926271438599    534.264892578125
56.593    -9.16561794281006    531.037475585938
56.693    -9.70888710021973    524.620910644531
56.792    -9.04911422729492    521.166015625
56.891    -10.5239162445068    515.204833984375
56.991    -7.80707168579102    510.952392578125
57.09    -9.08786582946777    504.573699951172
57.19    -8.81610679626465    500.815063476563
57.289    -11.9795904159546    495.309265136719
57.389    -10.79567527771    490.943115234375
57.488    -9.82539081573486    484.374450683594
57.588    -11.6497030258179    481.261169433594
57.687    -11.8630867004395    475.148376464844
57.787    -10.3492841720581    471.085968017578
57.886    -15.4339590072632    465.732269287109
57.986    -10.7762985229492    461.289825439453
58.085    -13.8620300292969    455.480773925781
58.185    -12.9692497253418    451.114624023438
58.284    -14.0172853469849    445.07763671875
58.384    -12.3869800567627    441.128936767578
58.483    -13.8426542282104    435.319885253906
58.583    -13.2410087585449    431.447021484375
58.682    -4.81846809387207    426.397094726563
58.782    -12.7168664932251    421.575561523438
58.881    -3.5180492401123    416.146057128906
58.981    -11.688455581665    411.437774658203
59.08    -2.95540404319763    406.236206054688
59.18    -14.0947885513306    401.490020751953
59.279    -6.23514223098755    396.744293212891
59.379    -14.1531648635864    392.1123046875
59.478    -7.43818473815918    386.910247802734
59.577    -12.8333702087402    381.253326416016
59.677    -5.90525531768799    376.241271972656
59.776    -14.7158098220825    371.571380615234
59.876    -6.93366718292236    366.711456298828
59.975    -14.9100656509399    361.509887695313
60.074    -7.30255365371704    356.612060546875
60.173    -14.7158098220825    351.675842285156
60.273    -9.80601501464844    347.043853759766
60.372    -14.8710651397705    341.576446533203
60.472    -7.05017042160034    336.754455566406
60.571    -13.9201574325562    331.135406494141
60.671    -9.16561794281006    327.224639892578
60.77    -16.811882019043    322.136779785156
60.87    -10.4270362854004    317.086853027344
60.969    -10.4851636886597    310.708221435547
61.069    -10.7181711196899    307.443328857422
61.168    -9.28187274932861    300.191345214844
61.268    -11.9018383026123    297.799285888672
61.367    -8.44746875762939    290.699432373047
61.467    -11.5913276672363    287.206146240234
61.566    -9.37900066375732    280.827484130859
61.666    -12.7364912033081    277.827941894531
61.765    -7.72931957244873    270.196411132813
61.865    -12.2901010513306    267.690643310547
61.964    -9.01036262512207    260.666625976563
62.064    -11.7659587860107    257.211212158203
62.163    -7.41880893707275    250.680938720703
62.263    -13.3575124740601    247.870941162109
62.362    -8.21446132659912    241.036926269531
62.461    -14.0366611480713    238.30322265625
62.561    -6.64253234863281    230.937530517578
62.66    -12.5616111755371    228.203826904297
62.76    -6.39039754867554    221.02766418457
62.859    -13.4156398773193    218.369781494141
62.959    -7.74869537353516    211.763702392578
63.058    -11.8630867004395    207.890823364258
63.158    -7.20542573928833    201.397979736328
63.257    -22.8087120056152    199.271759033203
63.357    -5.01247501373291    191.146957397461
63.456    -22.1486911773682    189.096557617188
63.556    -6.83678770065308    181.844589233398
63.655    -23.9536285400391    179.490447998047
63.755    -6.33202123641968    171.213516235352
63.854    -22.4592018127441    168.935668945313
63.954    -9.28187274932861    161.873245239258
64.053    -19.8586120605469    159.215362548828
64.153    -7.47718477249146    151.811752319336
64.252    -19.8392372131348    149.040145874023
64.352    -6.29326963424683    142.091918945313
64.451    -21.1396560668945    139.510330200195
64.551    -6.17676591873169    131.65087890625
64.65    -19.6646060943604    129.183013916016
64.75    -7.59344005584717    122.158493041992
64.849    -18.3450584411621    119.121047973633
64.949    -5.55574464797974    112.400749206543
65.048    -18.5196895599365    109.553329467773
65.148    -5.14835453033447    102.035522460938
65.247    -18.4809379577637    99.4160232543945
65.347    -6.35139751434326    92.5436172485352
65.446    -15.7057180404663    89.5061645507813
65.546    -10.7375469207764    84.6083450317383
65.645    -16.4042434692383    79.8242416381836
65.745    -11.5138235092163    74.7363891601563
65.844    -15.6085901260376    69.9143829345703
65.944    -10.6791715621948    64.4848861694336
66.043    -16.190860748291    59.6633605957031
66.143    -12.775242805481    55.1450958251953
66.242    -15.9772291183472    50.0572471618652
66.341    -12.1735973358154    45.3110504150391
66.441    -14.9681930541992    40.223690032959
66.54    -10.9121780395508    35.3637733459473
66.64    -12.9304981231689    29.4784107208252
66.739    -11.4554481506348    25.1501693725586
66.839    -13.5321435928345    19.4548320770264
66.938    -12.4259805679321    15.0886821746826
67.038    -13.0663776397705    9.62127494812012
67.137    -10.9315538406372    5.40675497055054
67.237    -12.0764694213867    -0.706049144268036
67.34    -12.2123489379883    -4.5410099029541
67.444    -11.5719518661499    -10.4637908935547
67.547    -6.35139751434326    -16.1970348358154
67.651    -4.93472337722778    -20.8674163818359
67.754    -11.5332002639771    -25.4994029998779
67.858    -13.0857534408569    -30.663064956665
67.961    -7.92357492446899    -36.8137741088867
68.065    -5.20648241043091    -41.4078559875488
68.168    -12.0183420181274    -46.3819808959961
68.272    -12.9692497253418    -51.1655960083008
68.375    -11.3195686340332    -56.4434661865234
68.479    -12.6393632888794    -61.3033828735352
68.582    -10.407660484314    -67.5299072265625
68.686    -5.20648241043091    -72.6177597045898
68.789    -11.9602136611938    -76.4906234741211
68.893    -13.7842779159546    -81.9580307006836
68.996    -13.3575124740601    -87.0837860107422
69.1    -4.91534757614136    -93.3482208251953
69.203    -9.86414241790771    -97.7906723022461
69.307    -13.5708951950073    -102.195213317871
69.41    -6.35139751434326    -108.080085754395
69.514    -11.9602136611938    -113.167938232422
69.617    -12.0570936203003    -118.331596374512
69.721    -6.68153238296509    -124.748146057129
69.824    -6.83678770065308    -128.621017456055
69.928    -13.1051292419434    -133.177200317383
70.031    -11.5719518661499    -139.517440795898
70.135    -7.22480201721191    -145.099060058594
70.238    -4.54670906066895    -149.958969116211
70.342    -14.754810333252    -153.869750976563
70.445    -4.33307790756226    -159.564605712891
70.549    -13.5708951950073    -163.893325805664
70.652    -12.7364912033081    -169.702392578125
70.756    -10.1746530532837    -175.359329223633
70.859    -4.48833322525024    -180.865127563477
70.962    -13.0857534408569    -184.813812255859
71.066    -13.7261505126953    -190.470764160156
71.169    -10.7375469207764    -196.128189086914
71.273    -5.944007396698    -201.633499145508
71.428    -12.154221534729    -195.368576049805
71.526    -13.2797603607178    -190.357040405273
71.624    -12.5228595733643    -185.838775634766
71.721    -13.7842779159546    -181.016754150391
71.819    -3.88693594932556    -177.523941040039
71.916    -5.6916241645813    -173.72688293457
72.014    -4.97372341156006    -167.993637084961
72.112    -7.10829830169678    -163.437469482422
72.209    -11.9405899047852    -158.957107543945
72.307    -7.76831960678101    -154.097198486328
72.404    -12.0570936203003    -149.275665283203
72.502    -11.3585681915283    -144.491561889648
72.6    -4.89597177505493    -140.35285949707
72.697    -11.2808170318604    -134.961273193359
72.795    -6.13801431655884    -131.240524291992
72.892    -5.34236192703247    -127.785598754883
72.99    -5.05122709274292    -121.748603820801
73.088    -6.46790075302124    -117.458267211914
73.185    -11.3001928329468    -112.787887573242
73.283    -10.9896821975708    -108.11799621582
73.38    -11.0674333572388    -103.637634277344
73.478    -11.4748239517212    -98.4360656738281
73.576    -6.23514223098755    -94.3357543945313
73.673    -4.64358854293823    -90.7666320800781
73.771    -7.28292942047119    -84.8812713623047
73.868    -4.41082954406738    -81.0847015380859
73.966    -10.2327814102173    -76.338508605957
74.064    -4.54670906066895    -71.9723587036133
74.161    -9.37900066375732    -66.8087005615234
74.259    -11.1643133163452    -61.7208518981934
74.356    -6.68153238296509    -57.8479843139648
74.454    -10.9315538406372    -52.3805770874023
74.552    -7.59344005584717    -48.0523338317871
74.649    -3.13003516197205    -44.1415596008301
74.747    -9.65075969696045    -38.6741523742676
74.844    -2.3343825340271    -35.3329582214355
74.942    -8.03983020782471    -30.7767868041992
75.04    -10.562915802002    -25.00563621521
75.137    -10.1359014511108    -20.9053230285645
75.235    -11.2808170318604    -15.6274528503418
75.332    -7.80707168579102    -11.4513263702393
75.43    -2.17912721633911    -7.7300877571106
75.528    -8.79673099517822    -2.11105132102966
75.625    -2.52838969230652    1.64809477329254
75.725    -9.06849002838135    7.30503845214844
75.826    -2.8389003276825    11.1020917892456
75.926    -9.84476661682129    17.0248737335205
76.026    -2.50901365280151    20.4039726257324
76.126    -7.7099437713623    26.0993099212646
76.226    -2.17912721633911    29.5542259216309
76.326    -8.33096504211426    34.7562828063965
76.427    -2.19850301742554    39.1603393554688
76.527    -10.562915802002    44.8177680969238
76.627    -10.4464120864868    50.1330604553223
76.727    -10.5822916030884    54.4613037109375
76.827    -10.6985473632813    59.3596153259277
76.928    -8.7773551940918    63.4978332519531
77.028    -10.562915802002    68.6614990234375
77.128    -6.89491510391235    72.6101760864258
77.228    -9.92227077484131    77.8117446899414
77.328    -9.84476661682129    82.6337585449219
77.429    -10.1552772521973    87.3420486450195
77.529    -10.1940288543701    91.2149124145508
77.629    -9.45650386810303    96.643928527832
77.729    -11.5525760650635    101.086380004883
77.829    -9.70888710021973    106.250038146973
77.93    -11.3195686340332    109.894981384277
78.03    -8.95198631286621    115.36238861084
78.13    -9.06849002838135    119.19734954834
78.23    -9.94189453125    124.740570068359
78.33    -10.407660484314    129.106704711914
78.43    -0.975836157798767    133.587066650391
78.531    -11.0868091583252    138.446990966797
78.631    0.479838013648987    142.471481323242
78.731    -12.8139944076538    148.16682434082
78.831    -0.257687002420425    151.849670410156
78.931    -10.3880367279053    156.823791503906
79.032    -0.393566489219666    161.417861938477
79.132    -10.8344268798828    166.353607177734
79.232    1.3336181640625    170.530212402344
79.332    -13.3378877639771    176.073440551758
79.432    0.169327303767204    180.287963867188
79.533    -8.46684455871582    186.249130249023
79.633    0.615469098091125    189.514022827148
79.733    -9.6895112991333    195.930572509766
79.833    2.12927079200745    198.39892578125
79.933    -8.50559616088867    205.385055541992
80.034    0.654469192028046    207.890823364258
80.134    -8.87448310852051    214.839050292969
80.234    1.39174580574036    217.610656738281
80.334    -8.02045440673828    224.178848266602
80.434    -6.83678770065308    228.393356323242
80.534    -8.13695812225342    233.139556884766
80.635    -7.03079462051392    238.037384033203
80.735    -9.0297384262085    242.707275390625
80.835    -6.50665283203125    247.301834106445
80.935    -7.51593685150146    251.667984008789
81.035    -6.17676591873169    256.414184570313
81.136    -7.36068105697632    261.919494628906
81.236    -4.89597177505493    265.716064453125
81.336    -15.9968528747559    271.221374511719
81.436    -5.20648241043091    275.473815917969
81.536    -14.4052991867065    281.055419921875
81.636    -4.56608486175537    284.548248291016
81.737    -14.6770582199097    290.015655517578
81.837    -4.97372341156006    294.040649414063
81.937    -12.7946186065674    299.469665527344
82.037    -7.53531265258789    303.608367919922
82.137    -15.3368320465088    308.962036132813
82.238    -5.30360984802246    312.910736083984
82.338    -13.512767791748    318.036468505859
82.438    -0.548821806907654    321.757232666016
82.538    -14.5605545043945    327.490478515625
82.638    0.518589735031128    330.147888183594
82.738    -14.0947885513306    336.754455566406
82.839    -0.4516941010952    339.602355957031
82.939    -12.6587390899658    345.981018066406
83.039    -2.72239661216736    349.815490722656
83.139    -13.1632566452026    355.700836181641
83.239    -3.84793591499329    359.421600341797
83.34    -2.12075114250183    365.192749023438
83.44    -2.43126177787781    368.040161132813
83.54    -1.63560926914215    374.418823242188
83.64    -3.03290748596191    377.950012207031
83.74    -2.17912721633911    384.404479980469
83.841    -1.13109147548676    386.644897460938
83.941    -1.88799238204956    393.441009521484
84.041    -2.81952452659607    396.478454589844
84.141    -0.956460297107697    402.704986572266
84.241    -3.1687867641449    405.552886962891
84.341    0.499213874340057    411.969451904297
84.442    -6.89491510391235    417.208923339844
84.542    -0.0830557867884636    421.271820068359
84.642    -5.80812788009644    426.359161376953
84.742    1.72188079357147    430.269958496094
84.842    -4.95409917831421    435.889465332031
84.943    1.97401547431946    439.762329101563
85.043    -4.43020534515381    444.963897705078
85.143    2.88617157936096    449.140045166016
85.243    -3.11065936088562    454.265777587891
85.343    -8.33096504211426    459.391540527344
85.444    -5.63349676132202    464.289367675781
85.544    -7.76831960678101    468.921844482422
85.644    -4.46895742416382    473.439636230469
85.744    -8.07883071899414    478.299530029297
85.844    -2.72239661216736    482.855712890625
85.944    -7.49656057357788    487.867736816406
86.045    -1.98487174510956    491.626403808594
86.145    -6.99204301834106    497.093811035156
86.245    -0.917460143566132    500.700836181641
86.345    -6.17676591873169    506.43408203125
86.445    0.809724569320679    509.433624267578
86.546    -5.24523401260376    515.66015625
86.646    -0.645949602127075    519.039794921875
86.746    -5.82750368118286    525.190490722656
86.846    0.790348708629608    528.41796875
86.946    -5.28423404693604    534.606567382813
87.047    -0.937084436416626    537.909851074219
87.147    -5.22585821151733    544.098449707031
87.247    -0.102431654930115    547.553894042969
87.347    7.36920070648193    553.210815429688
87.447    -0.432318210601807    556.248291015625
87.547    8.57249164581299    562.171508789063
87.648    1.46949768066406    565.512756347656
87.748    8.32010841369629    571.853454589844
87.848    1.64412891864777    574.700866699219
87.948    8.72774696350098    581.193237304688
88.048    2.12927079200745    584.268615722656
88.149    8.82462692260742    590.875183105469
88.249    3.83707976341248    595.393432617188
88.349    9.54277610778809    599.949645996094
88.449    6.28241348266602    604.733703613281
88.549    9.60090351104736    609.479431152344
88.649    6.49579620361328    613.808166503906
88.75    11.1924571990967    618.59228515625
88.85    7.91247034072876    623.110046386719
88.95    11.9297332763672    627.969970703125
89.05    6.14653396606445    632.602416992188
89.15    1.39174580574036    639.246887207031
89.251    7.40795278549194    642.322265625
89.351    1.81876015663147    648.510864257813
89.451    7.75721502304077    651.206665039063
89.551    2.22639846801758    658.0791015625
89.651    10.629563331604    660.015258789063
89.751    2.47853326797485    667.988464355469
89.852    9.50402450561523    669.659301757813
89.952    3.19668245315552    677.138732910156
90.052    10.2413005828857    678.847473144531
90.152    5.58364009857178    686.403198242188
90.252    4.92386722564697    688.03564453125
90.353    5.70014381408691    695.819274902344
90.453    4.49685287475586    697.9833984375
90.553    5.15687417984009    705.273254394531
90.653    4.96261882781982    699.615844726563
90.752    4.24471807479858    697.110046386719
90.852    4.0894627571106    689.402709960938
90.951    3.35193777084351    686.896484375
91.051    3.13855481147766    679.454956054688
91.15    2.40102982521057    677.328735351563
91.25    0.402086108922958    670.228881835938
91.349    1.27549064159393    667.115112304688
91.449    1.12023520469666    659.294067382813
91.548    -0.277062863111496    657.509521484375
91.648    1.02310752868652    649.535827636719
91.747    0.130327165126801    647.2958984375
91.847    0.324582666158676    640.158142089844
91.946    -1.2475950717926    637.234436035156
92.046    5.68076801300049    631.007385253906
92.145    0.0915754288434982    626.945007324219
92.245    7.11681795120239    620.186828613281
92.344    -1.82961630821228    616.769775390625
92.444    6.74817943572998    611.263977050781
92.543    -2.12075114250183    607.315307617188
92.643    3.93420743942261    600.86083984375
92.742    -4.72134017944336    597.02587890625
92.842    3.19668245315552    591.293151855469
92.941    -6.6037802696228    587.875610351563
93.04    5.09849834442139    580.737854003906
93.14    -4.85721969604492    577.130859375
93.239    5.48676109313965    571.055969238281
93.339    -6.89491510391235    567.601013183594
93.438    2.26515030860901    561.867797851563
93.538    -7.76831960678101    557.729064941406
93.637    1.43074595928192    551.540466308594
93.737    -8.5249719619751    547.629699707031
93.836    0.964979887008667    542.124389648438
93.936    -8.68022727966309    537.719848632813
94.035    -0.0830557867884636    531.948669433594
94.135    -1.32509851455688    526.481262207031
94.234    0.635093331336975    521.507629394531
94.334    -1.67436099052429    516.837280273438
94.433    -0.316063016653061    512.357360839844
94.533    -2.02387189865112    506.358276367188
94.632    -1.86861646175385    502.295379638672
94.732    -3.30466628074646    496.448425292969
94.831    -0.471318364143372    492.158081054688
94.931    -4.43020534515381    486.196899414063
95.03    -2.56714129447937    481.86865234375
95.13    -3.45992159843445    476.742919921875
95.229    -0.335438877344131    472.073028564453
95.329    -1.94612002372742    465.656463623047
95.428    -2.14012694358826    462.239471435547
95.528    -4.85721969604492    456.202484130859
95.627    -2.17912721633911    452.253784179688
95.726    -4.89597177505493    446.482635498047
95.826    -2.3343825340271    442.761383056641
95.925    -6.35139751434326    437.180267333984
96.025    -3.73168063163757    432.852020263672
96.124    -4.5854606628418    426.549194335938
96.224    -1.22797083854675    422.334686279297
96.323    -8.42809295654297    417.171020507813
96.423    -13.648398399353    413.070709228516
96.522    -4.85721969604492    406.502044677734
96.622    -16.1324844360352    403.388763427734
96.721    -9.22374534606934    396.744293212891
96.821    -17.2388954162598    393.631042480469
96.92    -7.55468845367432    387.100280761719
97.02    -15.1428241729736    383.417419433594
97.119    -6.97241878509521    376.431304931641
97.219    -15.7057180404663    373.583862304688
97.318    -9.65075969696045    367.091033935547
97.418    -17.762788772583    363.521911621094
97.517    -11.1449375152588    357.371185302734
97.617    -18.5778179168701    354.105804443359
97.716    -9.37900066375732    347.043853759766
97.816    -17.452278137207    343.81640625
97.915    -10.3105325698853    337.476135253906
98.015    -19.3153438568115    333.792816162109
98.114    -9.82539081573486    327.414184570313
98.214    -18.9077053070068    324.111389160156
98.313    -8.93261051177979    317.086853027344
98.413    -20.440881729126    314.656890869141
98.512    -15.8997249603271    309.607452392578
98.612    -22.3623218536377    304.785430908203
98.711    -16.1714839935303    299.65966796875
98.81    -20.9066486358643    294.533905029297
98.91    -14.5411787033081    289.826110839844
99.009    -21.6635494232178    284.851989746094
99.109    -14.9875688552856    279.536712646484
99.208    -22.3039455413818    275.170074462891
99.308    -14.0947885513306    269.968505859375
99.407    -20.9066486358643    264.994842529297
99.507    -14.3084201812744    259.717468261719
99.606    -21.1202793121338    254.81916809082
99.706    -13.8426542282104    249.769714355469
99.805    -21.1784076690674    245.440979003906
99.905    -13.7067747116089    239.669830322266
100.004    -21.8381805419922    235.417404174805
100.104    -12.8139944076538    229.722549438477
100.203    -20.9454002380371    225.166381835938
100.303    -13.3768882751465    219.926406860352
100.402    -21.5082931518555    215.25651550293
100.502    -15.0653209686279    209.827026367188
100.601    -20.3050022125244    205.422958374023
100.701    -14.7741861343384    200.563049316406
100.8    -11.9405899047852    195.285171508789
100.9    -13.668023109436    190.577377319336
100.999    -11.3779439926147    185.755355834961
101.099    -12.5812358856201    180.060028076172
101.198    -11.4748239517212    175.693878173828
101.298    -14.5605545043945    170.568115234375
101.397    -11.1839370727539    165.78401184082
101.497    -15.1815767288208    160.81037902832
101.596    -10.5239162445068    155.760437011719
101.696    -13.978533744812    151.317993164063
101.795    -11.0868091583252    145.661041259766
101.895    -13.7067747116089    140.990661621094
101.994    -10.0387735366821    135.789093017578
102.093    -14.2112922668457    131.081298828125
102.193    -10.1359014511108    126.031364440918
102.292    -14.6770582199097    120.905609130859
102.392    -8.54459667205811    115.741943359375
102.491    -13.5515193939209    110.844116210938
102.591    -8.48622035980225    106.13631439209
102.69    -12.2707252502441    101.35221862793
102.79    -7.63244009017944    96.0748291015625
102.889    -12.6587390899658    91.4044494628906
102.989    -7.14729833602905    85.8612289428711
103.088    -8.11758232116699    80.8491973876953
103.188    -6.06051111221313    75.837646484375
103.287    -8.33096504211426    71.0535507202148
103.387    -5.75    65.7761611938477
103.486    -8.17570972442627    60.9920616149902
103.586    -5.28423404693604    55.8663063049316
103.685    -7.74869537353516    50.5126190185547
103.785    -5.32298612594604    46.2985877990723
103.884    -6.21576642990112    40.9828109741211
103.984    -5.07060289382935    36.1987075805664
104.083    -8.99073791503906    31.0729503631592
104.183    -5.01247501373291    26.3272399902344
104.282    -7.86519908905029    21.3531150817871
104.382    -4.64358854293823    16.189453125
104.481    -10.3105325698853    11.7474889755249
104.581    -4.74071645736694    6.62173414230347
104.68    -8.73860359191895    1.87553894519806
104.78    -4.66321277618408    -3.21182250976563
104.883    -11.6107034683228    -7.57845830917358
104.987    -4.66321277618408    -13.6533546447754
105.09    -10.7762985229492    -17.6778526306152
105.193    -12.6393632888794    -22.7656993865967
105.297    -11.3195686340332    -29.0685272216797
105.4    -4.11969470977783    -34.7633743286133
105.504    -8.38934135437012    -38.1808700561523
105.607    -11.688455581665    -43.6861839294434
105.711    -12.309476852417    -49.3431282043457
105.814    -5.53636884689331    -55.0763702392578
105.918    -13.0857534408569    -58.7976112365723
106.021    -5.96338319778442    -65.6316223144531
106.125    -6.48727703094482    -69.3902893066406
106.228    -13.2216329574585    -74.2502059936523
106.332    -13.0663776397705    -79.6417922973633
106.435    -7.78769540786743    -85.6787872314453
106.539    -4.52733325958252    -90.538703918457
106.642    -11.7272071838379    -95.0569686889648
106.746    -13.2797603607178    -100.220626831055
106.849    -8.64147567749023    -107.244667053223
106.953    -13.6096467971802    -110.282119750977
107.056    -8.66085147857666    -116.584945678711
107.16    -4.70196437835693    -121.482765197754
107.263    -11.4748239517212    -125.735191345215
107.367    -13.1438808441162    -130.898864746094
107.47    -12.1735973358154    -137.011672973633
107.574    -5.73037576675415    -142.365356445313
107.677    -6.66190814971924    -147.073150634766
107.781    -14.114164352417    -151.136047363281
107.884    -11.998966217041    -157.514694213867
107.988    -14.289044380188    -161.387069702148
108.091    -12.2123489379883    -167.538269042969
108.195    -7.08892250061035    -173.005676269531
108.298    -6.62315607070923    -177.485549926758
108.402    -13.0080013275146    -182.307556152344
108.505    -11.6300792694092    -188.002899169922
108.609    -9.53425598144531    -194.001968383789
108.712    -4.72134017944336    -198.748168945313
108.816    -12.5034837722778    -202.962203979492
