sec"   "mA"   "mV
0.156    -11.0674333572388    -18.2474346160889
0.254    -9.55363178253174    -13.8433771133423
0.351    -8.79673099517822    -8.86925220489502
0.449    -8.48622035980225    -4.50310230255127
0.547    -8.15633392333984    0.205185323953629
0.647    -8.00107860565186    4.83717250823975
0.747    -7.962327003479    9.43125247955322
0.847    -7.90395069122314    14.2532625198364
0.947    -7.90395069122314    18.5435962677002
1.048    -7.76831960678101    23.5177230834961
1.148    -7.74869537353516    28.1118030548096
1.248    -7.67119216918945    33.047534942627
1.348    -7.65181589126587    37.9453620910645
1.448    -7.67119216918945    42.5015335083008
1.549    -7.67119216918945    47.5893821716309
1.649    -7.61306428909302    51.8797149658203
1.749    -7.61306428909302    56.7775421142578
1.849    -7.59344005584717    61.2578964233398
1.949    -7.53531265258789    66.2694473266602
2.05    -7.55468845367432    70.6360778808594
2.15    -7.57406425476074    75.6476287841797
2.25    -7.53531265258789    80.5454483032227
2.35    -7.55468845367432    84.9120864868164
2.45    -7.51593685150146    89.7341003417969
2.551    -7.43818473815918    94.2139663696289
2.651    -7.36068105697632    99.3397216796875
2.751    -7.41880893707275    103.668449401855
2.851    -7.36068105697632    108.64208984375
2.951    -7.30255365371704    113.008239746094
3.052    -7.30255365371704    117.906066894531
3.152    -7.26355361938477    122.880187988281
3.252    -7.30255365371704    127.360549926758
3.352    -7.32192945480347    132.182067871094
3.452    -7.30255365371704    136.814544677734
3.553    -7.20542573928833    141.598159790039
3.653    -7.20542573928833    146.078506469727
3.753    -7.16667413711548    151.014251708984
3.853    -7.20542573928833    155.494598388672
3.953    -7.24417781829834    160.278701782227
4.054    -7.16667413711548    164.796966552734
4.154    -7.1860499382019    169.694793701172
4.254    -7.20542573928833    174.706832885742
4.354    -7.1276741027832    179.110885620117
4.454    -7.10829830169678    184.084518432617
4.555    -7.08892250061035    188.526977539063
4.655    -7.1276741027832    193.539001464844
4.755    -7.1276741027832    197.905151367188
4.855    -6.97241878509521    202.840881347656
4.955    -6.99204301834106    207.24543762207
5.056    -7.05017042160034    212.105346679688
5.156    -6.95304298400879    217.078994750977
5.256    -7.03079462051392    221.635162353516
5.356    -6.89491510391235    226.457168579102
5.456    -6.95304298400879    230.785415649414
5.557    -6.99204301834106    235.835357666016
5.657    -6.89491510391235    240.277313232422
5.757    -6.89491510391235    245.365158081055
5.857    -6.93366718292236    249.693405151367
5.957    -6.93366718292236    254.553329467773
6.058    -6.87553930282593    259.527435302734
6.158    -6.87553930282593    264.0078125
6.258    -6.8561635017395    268.867736816406
6.358    -6.83678770065308    273.385986328125
6.458    -6.81716346740723    278.20751953125
6.559    -6.83678770065308    282.687866210938
6.659    -6.8561635017395    287.471984863281
6.759    -6.75903558731079    292.028137207031
6.859    -6.73965978622437    296.812255859375
6.959    -6.81716346740723    302.089630126953
7.06    -6.73965978622437    306.532073974609
7.16    -6.77841138839722    311.391998291016
7.26    -6.73965978622437    315.758148193359
7.36    -6.70090818405151    320.655975341797
7.46    -6.66190814971924    324.984222412109
7.561    -6.68153238296509    329.844146728516
7.661    -6.66190814971924    334.324493408203
7.761    -6.66190814971924    339.336517333984
7.861    -6.70090818405151    343.968505859375
7.961    -6.68153238296509    348.828430175781
8.062    -6.6037802696228    353.688354492188
8.162    -6.56502866744995    358.130798339844
8.262    -6.5262770652771    362.952819824219
8.362    -6.56502866744995    367.660614013672
8.462    -6.40977334976196    372.368896484375
8.563    -6.46790075302124    376.77294921875
8.663    -6.40977334976196    381.822906494141
8.763    -6.33202123641968    386.151123046875
8.863    -6.31264543533325    391.314788818359
8.963    -6.2738938331604    396.098907470703
9.063    -6.23514223098755    400.465057373047
9.164    -6.06051111221313    405.324981689453
9.264    -5.98275899887085    409.843231201172
9.364    -5.80812788009644    414.703155517578
9.464    -5.75    419.221405029297
9.564    -5.61412048339844    424.157135009766
9.665    -5.47824144363403    428.675415039063
9.765    -5.30360984802246    433.497436523438
9.865    -5.12897872924805    438.357330322266
9.965    -4.85721969604492    442.875610351563
10.065    -4.64358854293823    447.849243164063
10.166    -4.37207794189453    452.253784179688
10.266    -4.10031890869141    457.227416992188
10.366    -3.88693594932556    461.517761230469
10.466    -3.57642531394958    466.453491210938
10.566    -3.32404232025146    470.895935058594
10.666    -2.95540404319763    475.869567871094
10.767    -2.68364500999451    480.7294921875
10.867    -2.52838969230652    485.134033203125
10.967    -2.17912721633911    490.221893310547
11.067    -1.9267441034317    494.588043212891
11.167    -1.59685754776001    499.561676025391
11.268    -1.3444744348526    504.004119873047
11.368    -1.03396379947662    508.864044189453
11.468    -0.859332501888275    513.38232421875
11.568    -0.4516941010952    518.242248535156
11.668    -0.374190628528595    522.6083984375
11.769    -0.121807523071766    527.696228027344
11.869    -0.0443040542304516    532.518249511719
11.969    0.266206651926041    536.960693359375
12.069    0.421461999416351    541.858520507813
12.169    0.537965595722198    546.262573242188
12.27    0.751348555088043    551.122497558594
12.37    0.84847629070282    555.716613769531
12.47    0.906603872776031    560.614929199219
12.57    1.15898704528809    565.094787597656
12.67    1.25611472129822    570.106811523438
12.771    1.39174580574036    574.814636230469
12.871    1.37237000465393    579.332885742188
12.971    1.60537719726563    584.154907226563
13.071    1.68288064002991    588.786865234375
13.171    1.79938423633575    593.60888671875
13.272    1.97401547431946    598.051330566406
13.372    2.24577450752258    602.987060546875
13.472    2.30390214920044    607.543212890625
13.572    2.43978142738342    612.403137207031
13.672    2.71154046058655    617.263061523438
13.773    2.92492341995239    621.705505371094
13.873    3.11917901039124    626.451232910156
13.973    3.39068937301636    631.045776367188
14.073    3.5849449634552    636.019409179688
14.173    3.79832792282104    640.385559082031
14.274    4.10883855819702    645.283386230469
14.374    4.26409387588501    649.877990722656
14.474    4.59398031234741    654.66162109375
14.574    4.84636354446411    659.141967773438
14.674    5.11787414550781    664.19189453125
14.774    5.42838478088379    669.051818847656
14.875    5.70014381408691    673.41796875
14.975    6.06903076171875    678.202087402344
15.075    6.35991716384888    682.796142578125
15.175    6.65105199813843    687.693969726563
15.275    6.98093843460083    692.136413574219
15.376    7.33044910430908    697.110046386719
15.476    7.58258390426636    701.552490234375
15.576    7.17519378662109    698.477172851563
15.675    6.76755523681641    693.693054199219
15.775    6.14653396606445    688.491455078125
15.874    5.87477493286133    683.707397460938
15.974    5.42838478088379    678.695373535156
16.073    4.90449142456055    673.911743164063
16.173    4.53585290908813    668.482238769531
16.272    4.12821435928345    663.77392578125
16.372    3.66244840621948    658.686584472656
16.471    3.29381012916565    653.940368652344
16.571    2.82804417610168    648.776733398438
16.67    2.45915746688843    643.916809082031
16.77    2.07114315032959    638.601013183594
16.869    1.78000843524933    633.969055175781
16.969    1.35299408435822    628.919555664063
17.068    0.964979887008667    624.097595214844
17.168    0.635093331336975    618.933898925781
17.267    0.227454900741577    614.187744140625
17.367    -0.16080766916275    609.061950683594
17.466    -0.471318364143372    604.315795898438
17.566    -0.762204766273499    599.076293945313
17.665    -1.03396379947662    594.216369628906
17.765    -1.44160223007202    589.280639648438
17.864    -1.82961630821228    584.420715332031
17.964    -2.14012694358826    579.560791015625
18.063    -2.45063781738281    574.43505859375
18.163    -2.72239661216736    569.76513671875
18.262    -3.01353144645691    564.525207519531
18.361    -3.30466628074646    559.8173828125
18.461    -3.73168063163757    554.577941894531
18.56    -3.86731171607971    549.793823242188
18.66    -4.17782258987427    544.592224121094
18.759    -4.43020534515381    539.960266113281
18.859    -4.76009225845337    534.644470214844
18.958    -5.03185129165649    530.050415039063
19.058    -5.24523401260376    524.848815917969
19.157    -5.43948936462402    519.91259765625
19.257    -5.73037576675415    514.863159179688
19.356    -5.96338319778442    510.154876708984
19.456    -6.07988691329956    504.953277587891
19.555    -6.31264543533325    500.169158935547
19.655    -6.50665283203125    495.005493164063
19.754    -6.70090818405151    490.145599365234
19.854    -6.91429090499878    485.096130371094
19.953    -7.08892250061035    480.464141845703
20.053    -7.26355361938477    475.300476074219
20.152    -7.47718477249146    470.326354980469
20.252    -7.57406425476074    465.656463623047
20.351    -7.80707168579102    460.378601074219
20.451    -7.962327003479    455.670806884766
20.55    -8.15633392333984    450.620849609375
20.65    -8.33096504211426    445.913055419922
20.749    -8.42809295654297    440.673583984375
20.849    -8.62209987640381    435.889465332031
20.948    -8.73860359191895    430.649505615234
21.048    -8.95198631286621    425.979614257813
21.147    -9.12661743164063    420.702239990234
21.246    -9.34024906158447    416.108154296875
21.346    -9.59238338470459    410.792388916016
21.445    -9.80601501464844    406.236206054688
21.545    -10.0775260925293    400.882507324219
21.644    -10.2134056091309    396.174713134766
21.744    -10.3686609268188    391.238983154297
21.843    -10.5239162445068    386.302764892578
21.943    -10.7762985229492    381.101196289063
22.042    -10.9509305953979    376.393402099609
22.142    -11.1255617141724    371.153930664063
22.241    -11.2808170318604    366.483551025391
22.341    -11.5719518661499    361.737823486328
22.44    -11.7659587860107    356.612060546875
22.54    -11.9795904159546    351.903778076172
22.639    -12.2707252502441    346.626403808594
22.739    -12.3482284545898    341.918121337891
22.838    -12.6006116867065    336.792358398438
22.938    -12.8721218109131    332.084564208984
23.037    -13.1826324462891    326.9208984375
23.137    -13.3575124740601    321.870941162109
23.236    -13.6096467971802    316.783111572266
23.336    -13.7649021148682    311.999481201172
23.435    -14.0947885513306    307.101654052734
23.535    -14.1919164657593    302.317565917969
23.634    -14.3665475845337    297.191802978516
23.734    -14.4830513000488    292.293975830078
23.833    -14.5605545043945    287.244049072266
23.933    -14.599555015564    282.384124755859
24.032    -14.6383066177368    277.182556152344
24.132    -14.599555015564    272.512664794922
24.231    -14.5218029022217    267.234802246094
24.331    -14.4052991867065    262.526977539063
24.43    -14.3471717834473    257.363342285156
24.53    -14.3665475845337    252.541320800781
24.629    -14.1531648635864    247.833023071289
24.728    -14.114164352417    242.783569335938
24.828    -14.1531648635864    237.999481201172
24.927    -14.0947885513306    232.722091674805
25.027    -14.0366611480713    228.013809204102
25.126    -13.9007816314697    222.888046264648
25.226    -13.9201574325562    218.293960571289
25.325    -13.9007816314697    212.864471435547
25.425    -13.7455263137817    208.194580078125
25.524    -13.8814058303833    203.144638061523
25.624    -13.7649021148682    198.246810913086
25.723    -13.7649021148682    193.196868896484
25.823    -13.7067747116089    188.640701293945
25.922    -13.6290225982666    183.211685180664
26.022    -13.668023109436    178.313369750977
26.121    -13.6096467971802    173.149703979492
26.221    -13.5708951950073    168.631927490234
26.32    -13.4543914794922    163.240341186523
26.42    -13.493143081665    158.569961547852
26.519    -13.3962640762329    153.444198608398
26.619    -13.2797603607178    148.736404418945
26.718    -13.1826324462891    143.572738647461
26.818    -13.2216329574585    138.94075012207
26.917    -13.0857534408569    133.928726196289
27.017    -12.9111223220825    128.955078125
27.116    -12.7558670043945    124.246803283691
27.216    -12.6006116867065    119.045227050781
27.315    -12.3288526535034    114.337425231934
27.415    -11.9405899047852    109.02165222168
27.514    -11.6497030258179    104.465476989746
27.614    -11.2033128738403    99.3397216796875
27.713    -10.7762985229492    94.4419021606445
27.813    -10.4851636886597    89.1266098022461
27.912    -10.2327814102173    84.4562301635742
28.011    -10.1552772521973    79.4446792602539
28.111    -9.98064613342285    74.6605758666992
28.21    -9.82539081573486    69.4969177246094
28.31    -9.6895112991333    64.7507171630859
28.409    -9.59238338470459    59.5870590209961
28.509    -9.61175918579102    54.7271423339844
28.608    -9.55363178253174    49.6776885986328
28.708    -9.51488018035889    44.9693984985352
28.807    -9.45650386810303    39.729923248291
28.907    -9.51488018035889    34.8700065612793
29.006    -9.4371280670166    29.6684341430664
29.106    -9.39837646484375    24.9222393035889
29.205    -9.45650386810303    20.2523441314697
29.305    -9.39837646484375    15.0507745742798
29.404    -9.32087326049805    10.6083240509033
29.504    -9.32087326049805    5.25463914871216
29.603    -9.28187274932861    0.508930146694183
29.703    -9.28187274932861    -4.76893997192383
29.806    -9.24312114715576    -10.0084171295166
29.91    -9.14599323272705    -15.096263885498
30.013    -9.24312114715576    -20.2599258422852
30.117    -9.1072416305542    -25.0819358825684
30.22    -9.18499374389648    -30.2072048187256
30.324    -9.16561794281006    -35.4092597961426
30.427    -9.12661743164063    -40.3828964233398
30.531    -9.06849002838135    -45.546558380127
30.634    -9.04911422729492    -50.9002456665039
30.738    -9.08786582946777    -56.2155380249023
30.841    -9.0297384262085    -61.4550132751465
30.945    -9.06849002838135    -66.6565856933594
31.048    -8.97136211395264    -71.8586349487305
31.152    -9.01036262512207    -76.4527206420898
31.255    -9.01036262512207    -81.6542892456055
31.359    -9.0297384262085    -86.9316711425781
31.462    -8.99073791503906    -91.9437026977539
31.566    -8.91323471069336    -97.3732070922852
31.669    -8.95198631286621    -102.574775695801
31.773    -8.93261051177979    -107.472595214844
31.876    -8.85510730743408    -112.940002441406
31.98    -8.91323471069336    -118.027854919434
32.083    -8.91323471069336    -123.039398193359
32.187    -8.93261051177979    -127.975135803223
32.29    -8.95198631286621    -133.06298828125
32.394    -8.81610679626465    -138.378768920898
32.497    -8.91323471069336    -143.504516601563
32.601    -8.89385890960693    -148.591873168945
32.704    -8.85510730743408    -153.869750976563
32.808    -8.79673099517822    -158.995498657227
32.911    -8.87448310852051    -164.272888183594
33.015    -8.85510730743408    -169.512359619141
33.118    -8.91323471069336    -174.676025390625
33.222    -8.79673099517822    -179.11848449707
33.325    -8.93261051177979    -184.4716796875
33.429    -8.81610679626465    -189.787460327148
33.532    -8.85510730743408    -194.913208007813
33.635    -8.91323471069336    -200.266891479492
33.79    -8.68022727966309    -194.913208007813
33.888    -8.54459667205811    -189.977478027344
33.986    -8.54459667205811    -185.421310424805
34.083    -8.54459667205811    -181.054672241211
34.181    -8.44746875762939    -176.081024169922
34.278    -8.31158924102783    -171.486953735352
34.376    -8.35034084320068    -167.158218383789
34.474    -8.27283763885498    -162.716262817383
34.571    -8.23408603668213    -157.704223632813
34.669    -8.21446132659912    -153.489700317383
34.766    -8.21446132659912    -148.819808959961
34.864    -8.17570972442627    -144.301544189453
34.962    -8.09820652008057    -139.327911376953
35.059    -8.07883071899414    -134.961273193359
35.157    -8.17570972442627    -130.329284667969
35.254    -8.02045440673828    -125.507263183594
35.352    -7.98170280456543    -121.103210449219
35.45    -8.05920600891113    -116.622848510742
35.547    -8.09820652008057    -112.104583740234
35.645    -8.00107860565186    -107.358879089355
35.742    -7.90395069122314    -102.764312744141
35.84    -7.94295072555542    -98.3602523803711
35.938    -7.962327003479    -93.3103103637695
36.035    -7.88457489013672    -89.0199813842773
36.133    -7.98170280456543    -84.5017166137695
36.23    -7.962327003479    -80.021354675293
36.328    -7.92357492446899    -75.1998291015625
36.426    -7.90395069122314    -70.7194747924805
36.523    -7.90395069122314    -66.0490951538086
36.621    -7.78769540786743    -61.7208518981934
36.719    -7.80707168579102    -56.6330032348633
36.816    -7.86519908905029    -52.228946685791
36.914    -7.84582328796387    -47.7485885620117
37.011    -7.84582328796387    -42.6991348266602
37.109    -7.80707168579102    -38.2566833496094
37.207    -7.82644748687744    -34.117977142334
37.304    -7.72931957244873    -29.5618076324463
37.402    -7.78769540786743    -24.6260757446289
37.499    -7.74869537353516    -20.1457176208496
37.597    -7.78769540786743    -15.6274528503418
37.695    -7.74869537353516    -10.6538133621216
37.792    -7.80707168579102    -6.21136331558228
37.89    -7.78769540786743    -1.65519106388092
37.987    -7.76831960678101    2.86307406425476
38.088    -7.69056797027588    7.60878324508667
38.188    -7.7099437713623    12.5445156097412
38.288    -7.74869537353516    16.7969436645508
38.388    -7.7099437713623    21.8468837738037
38.488    -7.67119216918945    26.3272399902344
38.589    -7.67119216918945    31.3766956329346
38.689    -7.69056797027588    35.8191452026367
38.789    -7.63244009017944    40.7548789978027
38.889    -7.67119216918945    45.1215133666992
38.989    -7.59344005584717    50.0193405151367
39.09    -7.63244009017944    54.9550704956055
39.19    -7.59344005584717    59.5112419128418
39.29    -7.53531265258789    64.4469757080078
39.39    -7.57406425476074    68.7757034301758
39.49    -7.51593685150146    73.7872543334961
39.591    -7.59344005584717    78.3813323974609
39.691    -7.55468845367432    83.013801574707
39.791    -7.53531265258789    87.6457901000977
39.891    -7.47718477249146    92.5057067871094
39.991    -7.53531265258789    96.6823196411133
40.092    -7.45780897140503    101.769683837891
40.192    -7.45780897140503    106.819625854492
40.292    -7.43818473815918    111.185775756836
40.392    -7.39943313598633    116.159896850586
40.492    -7.3800573348999    120.753974914551
40.593    -7.32192945480347    125.689712524414
40.693    -7.34130525588989    130.09423828125
40.793    -7.20542573928833    134.992065429688
40.893    -7.20542573928833    139.358215332031
40.993    -7.30255365371704    144.066513061523
41.094    -7.24417781829834    149.115966796875
41.194    -7.28292942047119    153.558410644531
41.294    -7.28292942047119    158.456237792969
41.394    -7.30255365371704    162.898681640625
41.494    -7.22480201721191    168.062347412109
41.595    -7.24417781829834    172.542221069336
41.695    -7.14729833602905    177.402130126953
41.795    -7.16667413711548    181.654571533203
41.895    -7.14729833602905    186.628692626953
41.995    -7.1276741027832    191.678146362305
42.095    -7.10829830169678    196.006866455078
42.196    -7.10829830169678    201.09423828125
42.296    -7.08892250061035    205.574584960938
42.396    -7.03079462051392    210.510330200195
42.496    -7.03079462051392    214.762756347656
42.596    -7.10829830169678    219.736877441406
42.697    -7.10829830169678    224.293045043945
42.797    -7.01141881942749    228.925033569336
42.897    -6.99204301834106    233.443298339844
42.997    -7.03079462051392    238.30322265625
43.097    -6.93366718292236    243.353164672852
43.198    -6.87553930282593    247.719314575195
43.298    -6.95304298400879    252.807159423828
43.398    -6.91429090499878    257.287506103516
43.498    -6.93366718292236    262.071136474609
43.598    -6.83678770065308    266.627288818359
43.699    -6.87553930282593    271.563507080078
43.799    -6.81716346740723    275.891754150391
43.899    -6.7977876663208    280.9033203125
43.999    -6.83678770065308    285.839538574219
44.099    -6.77841138839722    290.167755126953
44.199    -6.77841138839722    295.065582275391
44.3    -6.83678770065308    299.735504150391
44.4    -6.83678770065308    304.747528076172
44.5    -6.73965978622437    308.999938964844
44.6    -6.77841138839722    314.011505126953
44.7    -6.72028398513794    318.378143310547
44.801    -6.72028398513794    323.275970458984
44.901    -6.64253234863281    328.173767089844
45.001    -6.68153238296509    332.767852783203
45.101    -6.77841138839722    337.627777099609
45.201    -6.66190814971924    342.108123779297
45.302    -6.6037802696228    346.930145263672
45.402    -6.54565286636353    351.334197998047
45.502    -6.58440446853638    356.384155273438
45.602    -6.54565286636353    360.674468994141
45.702    -6.44852495193481    365.610198974609
45.803    -6.44852495193481    370.622253417969
45.903    -6.40977334976196    375.178405761719
46.003    -6.31264543533325    379.924133300781
46.103    -6.33202123641968    384.404479980469
46.203    -6.2738938331604    389.340209960938
46.304    -6.23514223098755    393.896392822266
46.404    -6.19614219665527    398.718383789063
46.504    -6.06051111221313    403.350860595703
46.604    -5.96338319778442    408.134490966797
46.704    -5.88563108444214    412.576934814453
46.805    -5.75    417.436859130859
46.905    -5.61412048339844    422.258850097656
47.005    -5.45886516571045    426.890838623047
47.105    -5.28423404693604    431.826568603516
47.205    -5.12897872924805    436.117401123047
47.305    -4.81846809387207    441.053131103516
47.406    -4.64358854293823    445.647216796875
47.506    -4.35270214080811    450.582946777344
47.606    -4.15844678878784    454.835388183594
47.706    -3.84793591499329    459.923217773438
47.806    -3.63455295562744    464.821044921875
47.907    -3.40154576301575    469.149291992188
48.007    -3.01353144645691    474.047119140625
48.107    -2.68364500999451    478.565368652344
48.207    -2.43126177787781    483.42529296875
48.307    -2.23725485801697    487.791931152344
48.408    -1.94612002372742    492.879302978516
48.508    -1.69373691082001    497.435455322266
48.608    -1.44160223007202    502.143768310547
48.708    -1.03396379947662    507.117401123047
48.808    -0.801204919815063    511.559875488281
48.909    -0.684701323509216    516.49560546875
49.009    -0.4516941010952    521.013854980469
49.109    -0.277062863111496    525.987976074219
49.209    -0.16080766916275    530.240417480469
49.309    0.0140719562768936    535.176147460938
49.409    0.208079040050507    539.618103027344
49.51    0.285582512617111    544.47802734375
49.61    0.421461999416351    549.110534667969
49.71    0.59609317779541    553.894104003906
49.81    0.615469098091125    558.944091796875
49.91    0.751348555088043    563.3486328125
50.011    0.829100430011749    568.284362792969
50.111    1.00373160839081    572.802612304688
50.211    1.08123517036438    577.510437011719
50.311    1.21711456775665    582.066589355469
50.411    1.3336181640625    587.040710449219
50.512    1.54700112342834    591.444763183594
50.612    1.66350471973419    596.190979003906
50.712    1.87713611125946    601.240417480469
50.812    1.99339139461517    605.644958496094
50.912    2.12927079200745    610.542785644531
51.012    2.28452610969543    615.06103515625
51.113    2.47853326797485    619.958862304688
51.213    2.65341281890869    624.515014648438
51.313    2.90554761886597    629.374938964844
51.413    3.15793061256409    633.8173828125
51.513    3.31318593025208    638.828979492188
51.614    3.66244840621948    643.575134277344
51.714    3.87583136558533    648.207153320313
51.814    4.16696643829346    653.067077636719
51.914    4.38059759140015    657.585327148438
52.014    4.71048402786255    662.407348632813
52.114    4.9432430267334    666.849304199219
52.215    5.2731294631958    671.747619628906
52.315    5.62264013290405    676.227478027344
52.415    5.87477493286133    681.08740234375
52.515    6.16590976715088    685.529846191406
52.615    6.45704460144043    690.427673339844
52.716    6.82568311691284    695.553405761719
52.816    7.19456958770752    699.957946777344
52.916    7.54383230209351    704.741577148438
53.016    7.15581798553467    701.400390625
53.115    6.59292411804199    696.0087890625
53.215    6.12715816497803    691.45263671875
53.314    5.66139221191406    686.288940429688
53.414    5.3315052986145    681.581176757813
53.513    4.86573934555054    676.379577636719
53.613    4.47747707366943    671.633422851563
53.712    4.01171064376831    666.393920898438
53.812    3.5849449634552    661.647705078125
53.911    3.15793061256409    656.636169433594
54.011    2.7696681022644    651.624145507813
54.11    2.420405626297    646.9921875
54.21    1.99339139461517    641.714782714844
54.309    1.62475299835205    637.006469726563
54.409    1.3336181640625    631.767028808594
54.508    0.945604026317596    627.020812988281
54.608    0.557341456413269    621.933471679688
54.707    0.0915754288434982    617.073547363281
54.807    -0.296438753604889    612.0615234375
54.906    -0.529445946216583    607.125793457031
55.006    -0.87870842218399    601.962097167969
55.105    -1.15046739578247    597.253845214844
55.205    -1.59685754776001    591.976440429688
55.304    -1.96549582481384    587.420288085938
55.404    -2.29538249969482    582.066589355469
55.503    -2.50901365280151    577.320861816406
55.603    -2.81952452659607    572.308837890625
55.702    -3.13003516197205    567.676879882813
55.802    -3.47929763793945    562.323181152344
55.901    -3.73168063163757    557.5390625
56    -4.0031909942627    552.299560546875
56.1    -4.21682262420654    547.515502929688
56.199    -4.52733325958252    542.807678222656
56.299    -4.74071645736694    537.681945800781
56.398    -5.03185129165649    532.897827148438
56.498    -5.32298612594604    527.810485839844
56.597    -5.53636884689331    522.988464355469
56.697    -5.67224836349487    517.824768066406
56.796    -5.98275899887085    513.230224609375
56.896    -6.13801431655884    507.99072265625
56.995    -6.40977334976196    503.168701171875
57.095    -6.56502866744995    497.929229736328
57.194    -6.81716346740723    493.297241210938
57.294    -6.99204301834106    488.095672607422
57.393    -7.14729833602905    483.501586914063
57.493    -7.32192945480347    478.45166015625
57.592    -7.43818473815918    473.515930175781
57.692    -7.65181589126587    468.352264404297
57.791    -7.84582328796387    463.606079101563
57.891    -7.962327003479    458.366577148438
57.99    -8.21446132659912    453.582489013672
58.09    -8.36971664428711    448.380920410156
58.189    -8.5249719619751    443.483093261719
58.289    -8.64147567749023    438.471069335938
58.388    -8.83548259735107    433.801177978516
58.488    -8.89385890960693    429.092864990234
58.587    -9.14599323272705    423.853393554688
58.687    -9.24312114715576    419.107208251953
58.786    -9.4371280670166    413.867736816406
58.886    -9.61175918579102    409.273651123047
58.985    -9.78663921356201    404.147888183594
59.084    -9.92227077484131    399.440093994141
59.184    -10.1940288543701    394.124328613281
59.283    -10.407660484314    389.454406738281
59.383    -10.6597957611084    384.100738525391
59.482    -10.79567527771    379.658782958984
59.582    -11.0480575561523    374.152984619141
59.681    -11.2420654296875    369.483062744141
59.781    -11.4748239517212    364.433135986328
59.88    -11.688455581665    359.687438964844
59.98    -11.9602136611938    354.333740234375
60.078    -12.1348457336426    349.701751708984
60.178    -12.3869800567627    344.500183105469
60.277    -12.5422353744507    339.829803466797
60.377    -12.8527460098267    334.704040527344
60.476    -13.1051292419434    329.768310546875
60.576    -13.3768882751465    324.566741943359
60.675    -13.5902709960938    320.010589599609
60.775    -13.823278427124    315.378601074219
60.874    -14.0366611480713    310.177032470703
60.974    -14.1919164657593    305.430816650391
61.073    -14.3471717834473    300.191345214844
61.173    -14.5411787033081    295.407257080078
61.272    -14.579930305481    290.167755126953
61.372    -14.6189308166504    285.497375488281
61.471    -14.6383066177368    280.295806884766
61.57    -14.7741861343384    275.588012695313
61.67    -14.6576824188232    270.272247314453
61.769    -14.6383066177368    265.602355957031
61.869    -14.599555015564    260.400787353516
61.968    -14.4636754989624    255.730392456055
62.068    -14.3665475845337    250.604644775391
62.167    -14.289044380188    245.821029663086
62.267    -14.3471717834473    240.771087646484
62.366    -14.2112922668457    235.797439575195
62.466    -14.1919164657593    230.59587097168
62.565    -14.0754127502441    225.925491333008
62.665    -14.0366611480713    220.799743652344
62.764    -13.9979095458984    216.205657958984
62.864    -13.978533744812    210.890365600586
62.963    -14.0947885513306    206.257888793945
63.063    -14.0172853469849    201.397979736328
63.162    -13.9395332336426    196.120590209961
63.262    -13.958909034729    191.602325439453
63.361    -13.803653717041    186.249130249023
63.461    -13.8620300292969    181.616653442383
63.56    -13.823278427124    176.415084838867
63.66    -13.9007816314697    171.745193481445
63.759    -13.7067747116089    166.505722045898
63.859    -13.6873989105225    161.911148071289
63.958    -13.668023109436    156.481658935547
64.058    -13.5708951950073    152.00178527832
64.157    -13.648398399353    146.61018371582
64.257    -13.5708951950073    141.940292358398
64.356    -13.3575124740601    136.738235473633
64.456    -13.2216329574585    131.916717529297
64.555    -13.2797603607178    126.753059387207
64.655    -13.1632566452026    122.044769287109
64.754    -12.9304981231689    116.919013977051
64.854    -12.7558670043945    112.249122619629
64.953    -12.4841079711914    107.161277770996
65.053    -12.2707252502441    102.49137878418
65.152    -12.0377178192139    97.5172576904297
65.251    -11.4748239517212    92.3535919189453
65.351    -11.0868091583252    87.6078872680664
65.45    -10.7181711196899    82.444221496582
65.55    -10.407660484314    77.6601181030273
65.649    -10.252405166626    72.6480865478516
65.749    -10.0581493377686    67.7881698608398
65.848    -9.96127033233643    62.7008056640625
65.948    -9.80601501464844    57.8024978637695
66.047    -9.74763870239258    52.6772270202637
66.147    -9.72826290130615    48.1210556030273
66.246    -9.51488018035889    42.7673721313477
66.346    -9.55363178253174    38.135383605957
66.445    -9.49550437927246    32.8954200744629
66.545    -9.47612857818604    28.1118030548096
66.644    -9.51488018035889    22.9102325439453
66.744    -9.49550437927246    18.2019443511963
66.843    -9.47612857818604    13.1903982162476
66.943    -9.41775226593018    8.40629577636719
67.042    -9.4371280670166    3.28054094314575
67.142    -9.41775226593018    -1.57937633991241
67.245    -9.34024906158447    -6.85676050186157
67.349    -9.28187274932861    -12.0209083557129
67.452    -9.41775226593018    -17.1461772918701
67.556    -9.28187274932861    -22.4240474700928
67.659    -9.22374534606934    -27.6256160736084
67.763    -9.18499374389648    -32.2576026916504
67.866    -9.28187274932861    -37.383358001709
67.97    -9.18499374389648    -42.5470199584961
68.073    -9.14599323272705    -47.6727752685547
68.177    -9.16561794281006    -53.0264587402344
68.28    -9.12661743164063    -58.4554710388184
68.384    -9.14599323272705    -63.3537826538086
68.487    -9.12661743164063    -68.5553512573242
68.591    -9.12661743164063    -73.9848556518555
68.694    -9.04911422729492    -78.8826751708984
68.798    -9.06849002838135    -83.5904769897461
68.901    -9.08786582946777    -88.9441604614258
69.005    -9.06849002838135    -94.1078262329102
69.108    -8.99073791503906    -99.3093948364258
69.211    -8.97136211395264    -104.47306060791
69.315    -9.06849002838135    -109.712532043457
69.418    -8.97136211395264    -114.762474060059
69.522    -8.95198631286621    -120.039855957031
69.625    -8.95198631286621    -125.241424560547
69.729    -8.97136211395264    -130.405090332031
69.832    -8.85510730743408    -134.961273193359
69.936    -8.81610679626465    -140.239135742188
70.039    -8.95198631286621    -145.364898681641
70.143    -8.91323471069336    -150.71809387207
70.246    -8.85510730743408    -155.654312133789
70.35    -8.99073791503906    -161.007507324219
70.453    -8.93261051177979    -166.171173095703
70.557    -8.95198631286621    -171.372741699219
70.66    -8.87448310852051    -176.498489379883
70.764    -8.89385890960693    -181.852188110352
70.867    -8.89385890960693    -186.597885131836
70.971    -8.91323471069336    -191.76203918457
71.074    -8.93261051177979    -196.773590087891
71.178    -8.91323471069336    -202.08935546875
71.332    -8.73860359191895    -196.849395751953
71.43    -8.68022727966309    -191.989486694336
71.528    -8.58334827423096    -187.471221923828
71.625    -8.60272407531738    -183.142974853516
71.723    -8.50559616088867    -177.979309082031
71.82    -8.50559616088867    -173.651077270508
71.918    -8.40871715545654    -169.284439086914
72.016    -8.38934135437012    -164.652450561523
72.113    -8.35034084320068    -159.640899658203
72.211    -8.27283763885498    -155.236358642578
72.308    -8.27283763885498    -150.794387817383
72.406    -8.27283763885498    -146.238220214844
72.504    -8.17570972442627    -141.302001953125
72.601    -8.09820652008057    -136.89794921875
72.699    -8.17570972442627    -132.569702148438
72.796    -8.05920600891113    -127.671394348145
72.894    -8.03983020782471    -123.077308654785
72.992    -8.02045440673828    -118.559043884277
73.089    -8.11758232116699    -114.041259765625
73.187    -8.02045440673828    -109.105041503906
73.284    -7.962327003479    -104.700988769531
73.382    -8.00107860565186    -100.25853729248
73.479    -8.00107860565186    -95.3986206054688
73.577    -8.02045440673828    -91.108283996582
73.675    -7.90395069122314    -86.4762954711914
73.772    -7.962327003479    -82.0717544555664
73.87    -8.00107860565186    -77.0223007202148
73.967    -7.86519908905029    -72.5798492431641
74.065    -7.86519908905029    -68.0236740112305
74.163    -7.90395069122314    -63.3537826538086
74.26    -7.90395069122314    -58.8355178833008
74.358    -7.90395069122314    -54.2030448913574
74.456    -7.82644748687744    -49.6852645874023
74.553    -7.88457489013672    -44.8632545471191
74.651    -7.90395069122314    -40.3070831298828
74.748    -7.84582328796387    -36.0546569824219
74.846    -7.90395069122314    -31.4605770111084
74.944    -7.78769540786743    -26.6385669708252
75.041    -7.80707168579102    -22.2719326019287
75.139    -7.82644748687744    -17.6399440765381
75.236    -7.82644748687744    -12.8179349899292
75.334    -7.80707168579102    -8.14804077148438
75.432    -7.82644748687744    -3.70559000968933
75.529    -7.72931957244873    0.850582361221313
75.629    -7.78769540786743    5.74840688705444
75.73    -7.74869537353516    10.5704164505005
75.83    -7.74869537353516    14.8607521057129
75.93    -7.72931957244873    19.6827621459961
76.03    -7.69056797027588    24.2768421173096
76.13    -7.72931957244873    29.2504806518555
76.231    -7.69056797027588    33.7687492370605
76.331    -7.67119216918945    38.5907592773438
76.431    -7.67119216918945    43.1090240478516
76.531    -7.61306428909302    48.0826606750488
76.631    -7.63244009017944    52.8667640686035
76.732    -7.63244009017944    57.4608459472656
76.832    -7.67119216918945    62.2828559875488
76.932    -7.59344005584717    66.8769378662109
77.032    -7.57406425476074    71.6989440917969
77.132    -7.55468845367432    76.1034851074219
77.233    -7.59344005584717    81.2292404174805
77.333    -7.47718477249146    85.4816665649414
77.433    -7.55468845367432    90.3415832519531
77.533    -7.57406425476074    94.8977584838867
77.633    -7.57406425476074    99.9472122192383
77.734    -7.49656057357788    104.80712890625
77.834    -7.43818473815918    109.325393676758
77.934    -7.41880893707275    114.18531036377
78.034    -7.43818473815918    118.665672302246
78.134    -7.41880893707275    123.525588989258
78.235    -7.34130525588989    127.929634094238
78.335    -7.32192945480347    132.78955078125
78.435    -7.28292942047119    137.535751342773
78.535    -7.24417781829834    142.281951904297
78.635    -7.24417781829834    147.103958129883
78.735    -7.24417781829834    151.621734619141
78.836    -7.30255365371704    156.633773803711
78.936    -7.24417781829834    161.076217651367
79.036    -7.26355361938477    165.859832763672
79.136    -7.24417781829834    170.454406738281
79.236    -7.20542573928833    175.35221862793
79.337    -7.16667413711548    179.832092285156
79.437    -7.14729833602905    184.844131469727
79.537    -7.20542573928833    189.590316772461
79.637    -7.14729833602905    194.18440246582
79.737    -7.10829830169678    198.968017578125
79.838    -7.1860499382019    203.448379516602
79.938    -7.06954622268677    208.460403442383
80.038    -7.01141881942749    212.750747680664
80.138    -6.97241878509521    217.724380493164
80.238    -7.01141881942749    222.014724731445
80.339    -7.01141881942749    226.988845825195
80.439    -6.99204301834106    232.076202392578
80.539    -6.99204301834106    236.594467163086
80.639    -7.01141881942749    241.492294311523
80.739    -6.97241878509521    245.821029663086
80.84    -6.93366718292236    250.718856811523
80.94    -6.89491510391235    255.350830078125
81.04    -6.8561635017395    260.134948730469
81.14    -6.95304298400879    264.653198242188
81.24    -6.89491510391235    269.475219726563
81.34    -6.93366718292236    274.031372070313
81.441    -6.83678770065308    278.967132568359
81.541    -6.77841138839722    283.789123535156
81.641    -6.7977876663208    288.269500732422
81.741    -6.83678770065308    293.167297363281
81.841    -6.7977876663208    297.723480224609
81.942    -6.83678770065308    302.659210205078
82.042    -6.77841138839722    307.101654052734
82.142    -6.72028398513794    311.809478759766
82.242    -6.73965978622437    316.441467285156
82.342    -6.75903558731079    321.377685546875
82.443    -6.72028398513794    326.199188232422
82.543    -6.72028398513794    330.983306884766
82.643    -6.64253234863281    335.577392578125
82.743    -6.66190814971924    340.133544921875
82.843    -6.62315607070923    344.803924560547
82.944    -6.6037802696228    349.322204589844
83.044    -6.56502866744995    354.485870361328
83.144    -6.54565286636353    358.776184082031
83.244    -6.44852495193481    363.674011230469
83.344    -6.44852495193481    368.685577392578
83.444    -6.50665283203125    373.128021240234
83.545    -6.39039754867554    378.101654052734
83.645    -6.33202123641968    382.506195068359
83.745    -6.29326963424683    387.290313720703
83.845    -6.29326963424683    391.732269287109
83.945    -6.09926271438599    396.820098876953
84.046    -6.09926271438599    401.224670410156
84.146    -6.0215106010437    406.084564208984
84.246    -5.90525531768799    410.792388916016
84.346    -5.73037576675415    415.53857421875
84.446    -5.65287256240845    420.550109863281
84.546    -5.49761724472046    424.916748046875
84.647    -5.30360984802246    429.928283691406
84.747    -5.12897872924805    434.218627929688
84.847    -4.97372341156006    439.268585205078
84.947    -4.68258857727051    443.596801757813
85.047    -4.46895742416382    448.646759033203
85.148    -4.21682262420654    452.975006103516
85.248    -3.88693594932556    457.910736083984
85.348    -3.751056432724    462.770660400391
85.448    -3.4211699962616    467.326812744141
85.548    -3.05228328704834    472.300933837891
85.649    -2.81952452659607    476.742919921875
85.749    -2.58651733398438    481.336975097656
85.849    -2.29538249969482    485.969451904297
85.949    -2.00424766540527    490.753082275391
86.049    -1.77148878574371    495.461364746094
86.149    -1.48035395145416    500.3212890625
86.25    -1.20859491825104    505.219116210938
86.35    -0.975836157798767    509.813232421875
86.45    -0.742828905582428    514.521484375
86.55    -0.548821806907654    519.039794921875
86.65    -0.335438877344131    523.975524902344
86.751    -0.16080766916275    528.531677246094
86.851    -0.0249281860888004    533.3916015625
86.951    0.0915754288434982    537.834045410156
87.051    0.227454900741577    542.731872558594
87.151    0.324582666158676    547.135925292969
87.252    0.479838013648987    552.110046386719
87.352    0.635093331336975    557.045776367188
87.452    0.829100430011749    561.3740234375
87.552    0.925979793071747    566.34765625
87.652    0.984355807304382    570.714294433594
87.753    1.12023520469666    575.650024414063
87.853    1.29486644268036    580.206176757813
87.953    1.37237000465393    584.990295410156
88.053    1.45012187957764    589.546508789063
88.153    1.66350471973419    594.444274902344
88.253    1.81876015663147    599.266296386719
88.354    1.95463955402374    603.97412109375
88.454    2.14864659309387    608.606567382813
88.554    2.26515030860901    613.352294921875
88.654    2.4981575012207    618.098510742188
88.754    2.59503674507141    622.616760253906
88.855    2.88617157936096    627.514587402344
88.955    3.04142713546753    631.880737304688
89.055    3.23543405532837    636.778564453125
89.155    3.54594492912292    641.790588378906
89.255    3.77895212173462    646.346740722656
89.355    4.05071115493774    650.940856933594
89.456    4.30284547805786    655.649108886719
89.556    4.51647710800171    660.509033203125
89.656    4.78798770904541    664.875183105469
89.756    5.13749837875366    669.848815917969
89.856    5.37025737762451    674.291259765625
89.957    5.70014381408691    679.264953613281
90.057    6.03003025054932    683.783203125
90.157    6.34054088592529    688.605224609375
90.257    6.65105199813843    693.427185058594
90.357    6.94218683242798    697.907592773438
90.457    7.29144906997681    702.95703125
90.558    7.03931427001953    699.5400390625
90.657    6.41829299926758    694.262634277344
90.756    6.03003025054932    689.554321289063
90.856    5.54488849639893    684.390686035156
90.955    5.07912254333496    679.682861328125
91.055    4.65210819244385    674.481323242188
91.154    4.26409387588501    669.773010253906
91.254    3.75957608222961    664.533569335938
91.353    3.46844124794006    659.825256347656
91.453    2.92492341995239    654.585754394531
91.552    2.61441278457642    649.99169921875
91.652    2.18764686584473    645.01806640625
91.751    1.81876015663147    639.930236816406
91.851    1.45012187957764    635.184020996094
91.95    1.02310752868652    629.868713378906
92.05    0.712596833705902    625.198364257813
92.149    0.304958373308182    620.072570800781
92.249    -0.0443040542304516    615.326904296875
92.348    -0.4516941010952    610.049011230469
92.448    -0.665325462818146    605.226989746094
92.547    -1.03396379947662    600.063354492188
92.647    -1.3444744348526    595.46923828125
92.746    -1.77148878574371    590.229797363281
92.846    -1.98487174510956    585.52197265625
92.945    -2.3343825340271    580.358337402344
93.045    -2.68364500999451    575.612121582031
93.144    -2.97477984428406    570.296325683594
93.244    -3.26591467857361    565.550659179688
93.343    -3.57642531394958    560.424865722656
93.442    -3.84793591499329    555.792907714844
93.542    -4.13907051086426    550.59130859375
93.641    -4.29432582855225    545.845153808594
93.741    -4.54670906066895    541.136840820313
93.84    -4.93472337722778    535.859436035156
93.94    -5.1677303314209    531.11328125
94.039    -5.40048933029175    526.101745605469
94.139    -5.57512044906616    521.203918457031
94.238    -5.82750368118286    516.040222167969
94.338    -6.00213479995728    511.256134033203
94.437    -6.23514223098755    506.168243408203
94.537    -6.44852495193481    501.346252441406
94.636    -6.68153238296509    496.106750488281
94.736    -6.81716346740723    491.474792480469
94.835    -7.01141881942749    486.424835205078
94.935    -7.24417781829834    481.679138183594
95.034    -7.36068105697632    476.439178466797
95.134    -7.57406425476074    471.731353759766
95.233    -7.78769540786743    466.681427001953
95.333    -7.90395069122314    461.821502685547
95.432    -8.00107860565186    456.468292236328
95.532    -8.1950855255127    451.950042724609
95.631    -8.36971664428711    446.558441162109
95.731    -8.58334827423096    441.888549804688
95.83    -8.66085147857666    436.648590087891
95.93    -8.81610679626465    431.902893066406
96.029    -8.99073791503906    427.270416259766
96.129    -9.18499374389648    422.030944824219
96.228    -9.45650386810303    417.323120117188
96.327    -9.4371280670166    412.121063232422
96.427    -9.67013549804688    407.375366210938
96.526    -9.82539081573486    402.287506103516
96.626    -10.0387735366821    397.693450927734
96.725    -10.1552772521973    392.377655029297
96.825    -10.3686609268188    387.594055175781
96.924    -10.7569227218628    382.392486572266
97.024    -10.9315538406372    377.532562255859
97.123    -11.1449375152588    372.482604980469
97.223    -11.3001928329468    367.736419677734
97.322    -11.5525760650635    362.610656738281
97.422    -11.7078313827515    357.902862548828
97.521    -11.9602136611938    352.587097167969
97.621    -12.154221534729    347.993011474609
97.72    -12.4841079711914    342.905151367188
97.82    -12.7558670043945    338.045257568359
97.919    -12.8721218109131    332.767852783203
98.019    -13.2797603607178    328.135864257813
98.118    -13.3768882751465    323.0859375
98.218    -13.6096467971802    318.188110351563
98.317    -13.9395332336426    313.441925048828
98.417    -14.0947885513306    308.316650390625
98.516    -14.2112922668457    303.532531738281
98.615    -14.3859233856201    298.444702148438
98.715    -14.4830513000488    293.660583496094
98.814    -14.6189308166504    288.307403564453
98.914    -14.7351865768433    283.751220703125
99.013    -14.7158098220825    278.435455322266
99.113    -14.7158098220825    273.727630615234
99.212    -14.6770582199097    268.487670898438
99.312    -14.599555015564    263.931518554688
99.411    -14.5411787033081    258.692016601563
99.511    -14.444299697876    253.832107543945
99.61    -14.3665475845337    248.478424072266
99.71    -14.2500438690186    244.036468505859
99.809    -14.2500438690186    238.68278503418
99.909    -14.2112922668457    234.202423095703
100.008    -14.1337890625    228.962936401367
100.108    -14.0947885513306    224.217239379883
100.207    -14.0172853469849    219.015182495117
100.307    -14.0560369491577    214.193649291992
100.406    -14.0366611480713    209.675384521484
100.506    -14.0172853469849    204.54963684082
100.605    -13.9979095458984    199.53759765625
100.705    -13.978533744812    194.411849975586
100.804    -13.978533744812    189.741958618164
100.904    -13.8814058303833    184.654098510742
101.003    -13.9201574325562    179.908401489258
101.103    -13.7649021148682    174.782638549805
101.202    -13.7649021148682    170.03645324707
101.302    -13.7649021148682    164.721160888672
101.401    -13.6873989105225    160.164978027344
101.5    -13.7649021148682    154.811294555664
101.6    -13.648398399353    150.027191162109
101.699    -13.5321435928345    145.053558349609
101.799    -13.493143081665    140.193634033203
101.898    -13.3378877639771    135.067886352539
101.998    -13.2797603607178    130.47380065918
102.097    -13.1826324462891    125.120124816895
102.197    -13.1245050430298    120.374420166016
102.296    -12.9692497253418    115.248664855957
102.396    -12.7558670043945    110.502464294434
102.495    -12.5812358856201    105.18717956543
102.595    -12.2123489379883    100.403076171875
102.694    -11.9212141036987    95.8848114013672
102.794    -11.3779439926147    90.607421875
102.893    -11.0090579986572    85.9370422363281
102.993    -10.6597957611084    80.6596603393555
103.092    -10.3880367279053    75.9892807006836
103.192    -10.2327814102173    70.787712097168
103.291    -10.097149848938    66.0419998168945
103.391    -9.88351821899414    60.9162445068359
103.49    -9.80601501464844    56.170051574707
103.59    -9.72826290130615    51.0442962646484
103.689    -9.59238338470459    46.4502143859863
103.789    -9.65075969696045    41.2865524291992
103.888    -9.63138389587402    36.464542388916
103.988    -9.53425598144531    31.3387870788574
104.087    -9.51488018035889    26.3651485443115
104.187    -9.49550437927246    21.2772998809814
104.286    -9.41775226593018    16.4173831939697
104.385    -9.39837646484375    11.3679294586182
104.485    -9.45650386810303    6.69754886627197
104.584    -9.47612857818604    1.57179403305054
104.684    -9.41775226593018    -3.13600778579712
104.787    -9.30124855041504    -8.3375768661499
104.891    -9.37900066375732    -13.577540397644
104.994    -9.37900066375732    -18.779109954834
105.098    -9.26249694824219    -24.0185871124268
105.201    -9.28187274932861    -29.1822490692139
105.305    -9.22374534606934    -33.8905334472656
105.408    -9.28187274932861    -39.0921020507813
105.512    -9.28187274932861    -44.1415596008301
105.615    -9.22374534606934    -49.3052215576172
105.719    -9.18499374389648    -54.6589050292969
105.822    -9.12661743164063    -59.898380279541
105.926    -9.20436954498291    -65.0241394042969
106.029    -9.12661743164063    -70.3015213012695
106.133    -9.16561794281006    -75.4272766113281
106.236    -9.06849002838135    -80.7809600830078
106.34    -9.12661743164063    -85.4129486083984
106.443    -9.0297384262085    -90.5766067504883
106.547    -9.01036262512207    -95.6644592285156
106.65    -9.0297384262085    -101.207679748535
106.754    -9.0297384262085    -106.029685974121
106.857    -8.99073791503906    -110.965423583984
106.961    -9.01036262512207    -116.357009887695
107.064    -9.01036262512207    -121.634880065918
107.168    -8.91323471069336    -126.798545837402
107.271    -8.95198631286621    -132.189651489258
107.375    -8.95198631286621    -136.745834350586
107.478    -8.93261051177979    -142.023696899414
107.582    -8.95198631286621    -147.26318359375
107.685    -8.91323471069336    -152.502655029297
107.789    -8.89385890960693    -157.514694213867
107.892    -8.97136211395264    -162.716262817383
107.996    -8.85510730743408    -167.917831420898
108.099    -8.93261051177979    -173.119400024414
108.203    -8.91323471069336    -178.055130004883
108.306    -8.87448310852051    -183.484634399414
108.41    -8.91323471069336    -188.078704833984
108.513    -8.87448310852051    -193.242370605469
108.616    -8.91323471069336    -198.520233154297
108.72    -8.95198631286621    -203.608093261719
