sec"   "mA"   "mV
0.156    -8.75797939300537    -18.2474346160889
0.254    -8.05920600891113    -13.6912622451782
0.351    -7.92357492446899    -9.40092754364014
0.449    -7.80707168579102    -4.50310230255127
0.547    -7.72931957244873    0.281000047922134
0.647    -7.59344005584717    4.95089435577393
0.747    -7.67119216918945    9.50706672668457
0.847    -7.57406425476074    14.3290767669678
0.947    -7.53531265258789    18.6957130432129
1.048    -7.57406425476074    23.5935363769531
1.148    -7.47718477249146    28.1497097015381
1.248    -7.41880893707275    33.047534942627
1.348    -7.47718477249146    37.6037101745605
1.448    -7.41880893707275    42.5015335083008
1.549    -7.30255365371704    47.4372634887695
1.649    -7.3800573348999    51.8797149658203
1.749    -7.36068105697632    56.7775421142578
1.849    -7.36068105697632    61.2199897766113
1.949    -7.30255365371704    66.1557235717773
2.05    -7.32192945480347    70.5597763061523
2.15    -7.3800573348999    75.6476287841797
2.25    -7.30255365371704    80.0521697998047
2.35    -7.30255365371704    84.8741836547852
2.45    -7.28292942047119    89.6577987670898
2.551    -7.30255365371704    94.366081237793
2.651    -7.24417781829834    99.3397216796875
2.751    -7.24417781829834    103.706359863281
2.851    -7.24417781829834    108.793724060059
2.952    -7.16667413711548    112.970336914063
3.052    -7.16667413711548    117.982368469238
3.152    -7.24417781829834    122.386421203613
3.252    -7.1860499382019    127.208435058594
3.352    -7.1860499382019    132.144165039063
3.453    -7.10829830169678    136.738235473633
3.553    -7.16667413711548    141.674453735352
3.653    -7.16667413711548    146.040603637695
3.753    -7.14729833602905    150.938430786133
3.853    -7.08892250061035    155.494598388672
3.954    -7.1860499382019    160.544540405273
4.054    -7.26355361938477    164.721160888672
4.154    -6.99204301834106    169.732696533203
4.254    -7.03079462051392    174.288879394531
4.354    -7.10829830169678    179.186706542969
4.455    -7.10829830169678    184.046615600586
4.555    -7.01141881942749    188.451156616211
4.655    -7.03079462051392    193.614822387695
4.755    -7.01141881942749    197.829345703125
4.855    -6.99204301834106    202.840881347656
4.956    -7.01141881942749    207.093322753906
5.056    -6.97241878509521    212.181167602539
5.156    -6.93366718292236    216.585220336914
5.256    -6.91429090499878    221.369323730469
5.356    -6.89491510391235    226.457168579102
5.457    -6.87553930282593    230.937530517578
5.557    -6.93366718292236    235.797439575195
5.657    -6.87553930282593    240.353622436523
5.757    -6.83678770065308    245.517272949219
5.857    -6.81716346740723    249.655502319336
5.958    -6.8561635017395    254.629623413086
6.058    -6.83678770065308    258.995788574219
6.158    -6.75903558731079    263.855682373047
6.258    -6.75903558731079    268.867736816406
6.358    -6.73965978622437    273.385986328125
6.459    -6.72028398513794    278.131713867188
6.559    -6.66190814971924    282.839996337891
6.659    -6.70090818405151    287.547790527344
6.759    -6.70090818405151    292.066040039063
6.859    -6.66190814971924    296.850158691406
6.96    -6.62315607070923    301.482147216797
7.06    -6.68153238296509    306.379974365234
7.16    -6.56502866744995    311.239898681641
7.26    -6.54565286636353    315.720245361328
7.36    -6.62315607070923    320.655975341797
7.461    -6.58440446853638    325.136322021484
7.561    -6.5262770652771    329.996246337891
7.661    -6.50665283203125    334.438690185547
7.761    -6.5262770652771    339.450256347656
7.861    -6.50665283203125    343.892700195313
7.961    -6.40977334976196    348.866333007813
8.062    -6.42914915084839    353.118774414063
8.162    -6.40977334976196    358.054504394531
8.262    -6.40977334976196    362.952819824219
8.362    -6.37102174758911    367.546875
8.462    -6.44852495193481    372.520538330078
8.563    -6.25451803207397    376.886688232422
8.663    -6.23514223098755    381.860809326172
8.763    -6.2738938331604    386.264862060547
8.863    -6.17676591873169    391.011047363281
8.963    -6.17676591873169    395.529327392578
9.064    -6.17676591873169    400.427154541016
9.164    -6.00213479995728    405.438690185547
9.264    -5.92463159561157    409.843231201172
9.364    -5.80812788009644    414.665252685547
9.464    -5.73037576675415    419.259307861328
9.565    -5.59474468231201    424.270874023438
9.665    -5.49761724472046    428.675415039063
9.765    -5.26460981369019    433.497436523438
9.865    -5.03185129165649    438.053588867188
9.965    -4.93472337722778    443.065155029297
10.066    -4.68258857727051    447.811340332031
10.166    -4.43020534515381    452.32958984375
10.266    -4.17782258987427    457.113708496094
10.366    -3.94506359100342    461.593566894531
10.466    -3.71205639839172    466.605621337891
10.567    -3.40154576301575    471.199676513672
10.667    -3.1881628036499    475.869567871094
10.767    -2.80014848709106    480.312042236328
10.867    -2.56714129447937    485.285675048828
10.967    -2.25663065910339    490.145599365234
11.067    -1.98487174510956    494.701751708984
11.168    -1.71336114406586    499.561676025391
11.268    -1.40285050868988    504.079956054688
11.368    -1.1698431968689    508.939849853516
11.468    -0.898084282875061    513.610290527344
11.568    -0.58757358789444    518.318054199219
11.669    -0.412942349910736    522.760498046875
11.769    -0.141183391213417    527.810485839844
11.869    -0.0443040542304516    531.948669433594
11.969    0.149703025817871    537.112365722656
12.069    0.343958526849747    542.048095703125
12.17    0.518589735031128    546.414733886719
12.27    0.673845112323761    551.312561035156
12.37    0.84847629070282    555.830810546875
12.47    1.04248332977295    560.576538085938
12.57    1.21711456775665    565.132690429688
12.671    1.31424236297607    569.916809082031
12.771    1.45012187957764    574.510864257813
12.871    1.66350471973419    579.522888183594
12.971    1.76063251495361    584.344909667969
13.071    1.95463955402374    588.824768066406
13.172    2.01276731491089    593.723083496094
13.272    2.12927079200745    598.127136230469
13.372    2.22639846801758    603.177062988281
13.472    2.43978142738342    607.467407226563
13.572    2.59503674507141    612.478942871094
13.672    2.73091626167297    616.883544921875
13.773    3.0026752948761    621.781311035156
13.873    3.23543405532837    626.527526855469
13.973    3.37131357192993    631.159545898438
14.073    3.5849449634552    636.171081542969
14.173    3.87583136558533    640.651428222656
14.274    4.16696643829346    645.359741210938
14.374    4.34159755706787    649.877990722656
14.474    4.53585290908813    654.775817871094
14.574    4.80736351013184    659.294067382813
14.674    5.07912254333496    664.19189453125
14.775    5.35088157653809    668.785949707031
14.875    5.60326433181763    673.607971191406
14.975    5.8553991317749    678.619506835938
15.075    6.1852855682373    683.061950683594
15.175    6.35991716384888    687.883972167969
15.276    6.82568311691284    692.402282714844
15.376    7.13619375228882    697.300109863281
15.476    7.46632862091064    701.552490234375
15.576    7.01993846893311    698.552978515625
15.675    6.57354831695557    693.806762695313
15.775    6.06903076171875    688.605224609375
15.874    5.64201641082764    683.897399902344
15.974    5.17624998092651    678.733764648438
16.073    4.90449142456055    673.949645996094
16.173    4.36122179031372    668.785949707031
16.272    4.01171064376831    663.77392578125
16.372    3.48781728744507    658.686584472656
16.471    3.19668245315552    654.016174316406
16.571    2.6727888584137    648.776733398438
16.67    2.38165402412415    644.144714355469
16.77    2.01276731491089    638.828979492188
16.869    1.60537719726563    634.159057617188
16.969    1.21711456775665    628.84326171875
17.068    0.84847629070282    624.173400878906
17.168    0.499213874340057    618.933898925781
17.267    0.208079040050507    614.263549804688
17.367    -0.141183391213417    609.517822265625
17.466    -0.490694224834442    604.467895507813
17.566    -0.839956641197205    599.494262695313
17.665    -1.13109147548676    594.406372070313
17.765    -1.48035395145416    589.7744140625
17.864    -1.86861646175385    584.496520996094
17.964    -2.12075114250183    579.864562988281
18.063    -2.43126177787781    574.587158203125
18.163    -2.72239661216736    569.992614746094
18.262    -3.07165908813477    564.677307128906
18.362    -3.36279392242432    559.968994140625
18.461    -3.63455295562744    554.691650390625
18.56    -3.94506359100342    550.059631347656
18.66    -4.10031890869141    544.781799316406
18.759    -4.41082954406738    540.111877441406
18.859    -4.64358854293823    534.9482421875
18.958    -4.91534757614136    530.050415039063
19.058    -5.20648241043091    525.00048828125
19.157    -5.34236192703247    520.102661132813
19.257    -5.67224836349487    514.863159179688
19.356    -5.78875207901001    510.306976318359
19.456    -6.07988691329956    505.181213378906
19.555    -6.2738938331604    500.549224853516
19.655    -6.46790075302124    495.651397705078
19.754    -6.68153238296509    490.487731933594
19.854    -6.87553930282593    485.741546630859
19.953    -6.91429090499878    480.425750732422
20.053    -7.20542573928833    475.869567871094
20.152    -7.3800573348999    470.440582275391
20.252    -7.57406425476074    465.846008300781
20.351    -7.72931957244873    460.796539306641
20.451    -7.962327003479    455.974548339844
20.55    -8.07883071899414    450.697143554688
20.65    -8.23408603668213    446.178894042969
20.749    -8.40871715545654    440.8251953125
20.849    -8.68022727966309    436.231140136719
20.948    -8.79673099517822    430.839538574219
21.048    -8.93261051177979    426.093353271484
21.147    -8.97136211395264    421.043884277344
21.247    -9.16561794281006    416.335601806641
21.346    -9.4371280670166    411.096130371094
21.446    -9.59238338470459    406.31201171875
21.545    -9.767014503479    401.148345947266
21.645    -9.94189453125    396.440551757813
21.744    -10.2327814102173    391.352691650391
21.844    -10.407660484314    386.530700683594
21.943    -10.562915802002    381.936614990234
22.042    -10.7762985229492    376.659240722656
22.142    -10.9703063964844    372.026763916016
22.241    -11.2033128738403    366.635650634766
22.341    -11.3779439926147    361.965270996094
22.44    -11.6497030258179    356.801605224609
22.54    -11.7659587860107    352.131713867188
22.639    -12.1348457336426    347.005950927734
22.739    -12.3869800567627    342.259765625
22.838    -12.4841079711914    337.134002685547
22.938    -12.7168664932251    332.350402832031
23.037    -13.0663776397705    327.072509765625
23.137    -13.2603845596313    322.440551757813
23.236    -13.512767791748    317.276885986328
23.336    -13.648398399353    312.530670166016
23.435    -13.8814058303833    307.215393066406
23.535    -14.114164352417    302.469177246094
23.634    -14.289044380188    297.305541992188
23.734    -14.3084201812744    292.521911621094
23.833    -14.4052991867065    287.396148681641
23.933    -14.5024271011353    282.802093505859
24.032    -14.5218029022217    277.676330566406
24.132    -14.5218029022217    272.81640625
24.231    -14.5411787033081    268.183929443359
24.331    -14.424674987793    262.906555175781
24.43    -14.4052991867065    257.970825195313
24.53    -14.269419670105    252.920883178711
24.629    -14.2306680679321    248.364700317383
24.729    -14.114164352417    242.89729309082
24.828    -13.978533744812    238.341125488281
24.928    -13.9979095458984    233.025833129883
25.027    -13.978533744812    228.355453491211
25.127    -13.9201574325562    223.229705810547
25.226    -13.803653717041    218.446075439453
25.325    -13.823278427124    213.320327758789
25.425    -13.7261505126953    208.574127197266
25.524    -13.7842779159546    203.334655761719
25.624    -13.668023109436    198.588455200195
25.723    -13.5902709960938    193.348983764648
25.823    -13.6096467971802    188.792816162109
25.922    -13.6096467971802    183.515426635742
26.022    -13.5515193939209    178.997161865234
26.121    -13.5708951950073    173.605575561523
26.221    -13.493143081665    169.011489868164
26.32    -13.4737672805786    163.771530151367
26.42    -13.2991361618042    159.025817871094
26.519    -13.2603845596313    154.27961730957
26.619    -13.1245050430298    148.888031005859
26.718    -13.0857534408569    144.256042480469
26.818    -12.8917465209961    139.092376708984
26.917    -12.8139944076538    134.612030029297
27.017    -12.6393632888794    129.372543334961
27.116    -12.3676042556763    124.588455200195
27.216    -12.2123489379883    119.311065673828
27.315    -12.0958452224731    114.60326385498
27.415    -11.6497030258179    109.553329467773
27.514    -11.0868091583252    104.693405151367
27.614    -10.7762985229492    99.6434707641602
27.713    -10.4851636886597    94.8598556518555
27.813    -10.2327814102173    89.5061645507813
27.912    -10.0387735366821    84.7978820800781
28.012    -9.98064613342285    79.7863311767578
28.111    -9.767014503479    75.0780410766602
28.211    -9.70888710021973    69.9522933959961
28.31    -9.65075969696045    65.0923690795898
28.41    -9.65075969696045    59.852897644043
28.509    -9.53425598144531    54.9550704956055
28.609    -9.51488018035889    49.9051322937012
28.708    -9.49550437927246    45.3110504150391
28.808    -9.49550437927246    40.5274353027344
28.907    -9.49550437927246    35.5533103942871
29.007    -9.4371280670166    30.6175765991211
29.106    -9.39837646484375    25.1880760192871
29.206    -9.37900066375732    20.4418811798096
29.305    -9.34024906158447    15.4303340911865
29.405    -9.4371280670166    10.836254119873
29.504    -9.34024906158447    5.63468503952026
29.603    -9.30124855041504    1.04060506820679
29.703    -9.30124855041504    -4.35098695755005
29.807    -9.30124855041504    -9.62885761260986
29.91    -9.24312114715576    -14.6783113479614
30.014    -9.16561794281006    -19.3107852935791
30.117    -9.28187274932861    -24.5502605438232
30.22    -9.24312114715576    -29.7518310546875
30.324    -9.28187274932861    -35.1055145263672
30.427    -9.24312114715576    -40.0791511535645
30.531    -9.22374534606934    -45.2428169250488
30.634    -9.18499374389648    -50.4443855285645
30.738    -9.1072416305542    -55.7601623535156
30.841    -9.16561794281006    -60.8854293823242
30.945    -9.12661743164063    -66.2391128540039
31.048    -9.06849002838135    -70.7573776245117
31.152    -9.08786582946777    -76.0347671508789
31.255    -9.12661743164063    -81.0847015380859
31.359    -9.08786582946777    -86.5142059326172
31.462    -9.08786582946777    -91.4878463745117
31.566    -9.01036262512207    -96.8036193847656
31.669    -9.08786582946777    -101.96728515625
31.773    -8.97136211395264    -107.055130004883
31.876    -9.01036262512207    -112.14249420166
31.98    -8.95198631286621    -117.420364379883
32.083    -8.97136211395264    -122.166069030762
32.187    -8.91323471069336    -127.481857299805
32.29    -9.01036262512207    -132.607604980469
32.394    -8.95198631286621    -137.65705871582
32.497    -8.91323471069336    -143.010757446289
32.601    -8.85510730743408    -148.174407958984
32.704    -8.93261051177979    -153.451797485352
32.808    -8.87448310852051    -158.539642333984
32.911    -8.85510730743408    -163.817031860352
33.015    -8.85510730743408    -168.942779541016
33.118    -8.89385890960693    -173.651077270508
33.222    -8.87448310852051    -178.776824951172
33.325    -8.93261051177979    -183.940490722656
33.429    -8.93261051177979    -189.217864990234
33.532    -8.91323471069336    -194.419448852539
33.636    -8.93261051177979    -199.735214233398
33.739    -8.87448310852051    -204.746765136719
33.894    -8.71922779083252    -199.43147277832
33.992    -8.60272407531738    -194.913208007813
34.09    -8.64147567749023    -189.82536315918
34.187    -8.56397247314453    -185.459213256836
34.285    -8.54459667205811    -180.978851318359
34.382    -8.38934135437012    -176.005218505859
34.48    -8.35034084320068    -171.638580322266
34.578    -8.35034084320068    -167.044494628906
34.675    -8.29221343994141    -162.754165649414
34.773    -8.1950855255127    -157.704223632813
34.87    -8.21446132659912    -153.300170898438
34.968    -8.21446132659912    -148.857711791992
35.066    -8.11758232116699    -143.921981811523
35.163    -8.09820652008057    -139.289993286133
35.261    -8.05920600891113    -134.847549438477
35.358    -8.11758232116699    -130.481399536133
35.456    -8.02045440673828    -125.393539428711
35.554    -8.05920600891113    -121.027389526367
35.651    -8.03983020782471    -116.622848510742
35.749    -8.02045440673828    -111.535003662109
35.846    -7.98170280456543    -107.244667053223
35.944    -7.962327003479    -102.802703857422
36.041    -8.00107860565186    -98.208137512207
36.139    -7.94295072555542    -93.1586837768555
36.237    -8.02045440673828    -88.7920455932617
36.334    -7.86519908905029    -84.3879928588867
36.432    -7.90395069122314    -79.9455413818359
36.53    -7.94295072555542    -74.8576965332031
36.627    -7.88457489013672    -70.4536361694336
36.725    -7.86519908905029    -65.9732818603516
36.822    -7.90395069122314    -61.2275695800781
36.92    -7.88457489013672    -56.6330032348633
37.018    -7.84582328796387    -52.1152229309082
37.115    -7.88457489013672    -47.4448432922363
37.213    -7.78769540786743    -42.5470199584961
37.31    -7.78769540786743    -38.1045684814453
37.408    -7.86519908905029    -33.7763252258301
37.506    -7.86519908905029    -28.9543190002441
37.603    -7.74869537353516    -24.4744472503662
37.701    -7.76831960678101    -19.9561805725098
37.798    -7.84582328796387    -15.4379167556763
37.896    -7.74869537353516    -10.6538133621216
37.994    -7.76831960678101    -6.1734561920166
38.091    -7.76831960678101    -1.61728370189667
38.189    -7.72931957244873    3.28054094314575
38.289    -7.72931957244873    7.79880619049072
38.389    -7.74869537353516    12.5829086303711
38.489    -7.67119216918945    17.1390819549561
38.59    -7.7099437713623    21.9606056213379
38.69    -7.74869537353516    26.4788703918457
38.79    -7.69056797027588    31.5288105010986
38.89    -7.72931957244873    35.894962310791
38.99    -7.67119216918945    40.8311805725098
39.091    -7.65181589126587    45.3489570617676
39.191    -7.59344005584717    50.3230857849121
39.291    -7.59344005584717    55.1450958251953
39.391    -7.65181589126587    59.5112419128418
39.491    -7.61306428909302    64.5990905761719
39.592    -7.53531265258789    68.8894271850586
39.692    -7.49656057357788    74.0151824951172
39.792    -7.55468845367432    78.4192352294922
39.892    -7.57406425476074    83.2412490844727
39.992    -7.51593685150146    87.7216033935547
40.093    -7.45780897140503    92.3156890869141
40.193    -7.3800573348999    97.4793472290039
40.293    -7.47718477249146    102.111335754395
40.393    -7.28292942047119    107.009643554688
40.493    -7.36068105697632    111.375793457031
40.593    -7.36068105697632    116.235710144043
40.694    -7.39943313598633    120.678161621094
40.794    -7.30255365371704    125.651802062988
40.894    -7.30255365371704    130.170059204102
40.994    -7.34130525588989    135.143692016602
41.094    -7.3800573348999    140.003616333008
41.195    -7.24417781829834    144.521881103516
41.295    -7.30255365371704    149.457611083984
41.395    -7.26355361938477    153.710037231445
41.495    -7.24417781829834    158.607864379883
41.595    -7.1276741027832    163.088226318359
41.696    -7.20542573928833    168.138168334961
41.796    -7.14729833602905    172.580612182617
41.896    -7.1276741027832    177.478439331055
41.996    -7.16667413711548    182.072525024414
42.096    -7.16667413711548    186.932434082031
42.197    -7.14729833602905    191.906066894531
42.297    -7.14729833602905    196.386428833008
42.397    -7.16667413711548    201.132629394531
42.497    -7.10829830169678    205.612503051758
42.597    -7.10829830169678    210.472412109375
42.698    -7.03079462051392    215.066497802734
42.798    -7.14729833602905    219.850601196289
42.898    -6.99204301834106    224.520980834961
42.998    -7.03079462051392    229.304595947266
43.098    -6.95304298400879    234.278717041016
43.199    -7.05017042160034    238.720687866211
43.299    -6.95304298400879    243.65690612793
43.399    -6.97241878509521    247.870941162109
43.499    -6.91429090499878    252.807159423828
43.599    -7.01141881942749    257.363342285156
43.699    -6.87553930282593    262.261138916016
43.8    -6.91429090499878    266.741516113281
43.9    -6.89491510391235    271.67724609375
44    -6.87553930282593    276.688781738281
44.1    -6.8561635017395    281.093322753906
44.2    -6.81716346740723    286.029052734375
44.301    -6.77841138839722    290.509429931641
44.401    -6.7977876663208    295.293518066406
44.501    -6.7977876663208    299.811798095703
44.601    -6.73965978622437    304.861236572266
44.701    -6.70090818405151    309.227874755859
44.802    -6.66190814971924    314.049407958984
44.902    -6.72028398513794    319.061431884766
45.002    -6.66190814971924    323.503875732422
45.102    -6.68153238296509    328.553344726563
45.202    -6.62315607070923    332.767852783203
45.303    -6.6037802696228    337.893615722656
45.403    -6.56502866744995    342.146057128906
45.503    -6.5262770652771    347.119689941406
45.603    -6.5262770652771    351.562133789063
45.703    -6.48727703094482    356.574157714844
45.804    -6.54565286636353    360.902404785156
45.904    -6.46790075302124    365.876037597656
46.004    -6.50665283203125    371.077606201172
46.104    -6.44852495193481    375.367950439453
46.204    -6.35139751434326    380.152069091797
46.305    -6.37102174758911    384.746124267578
46.405    -6.33202123641968    389.568145751953
46.505    -6.23514223098755    394.086395263672
46.605    -6.19614219665527    398.946319580078
46.705    -6.09926271438599    403.540405273438
46.805    -5.98275899887085    408.362426757813
46.906    -5.88563108444214    413.412353515625
47.006    -5.71099996566772    417.702697753906
47.106    -5.65287256240845    422.600524902344
47.206    -5.47824144363403    426.928771972656
47.306    -5.22585821151733    431.978698730469
47.407    -5.18710660934448    436.421142578125
47.507    -4.95409917831421    441.356872558594
47.607    -4.70196437835693    445.837249755859
47.707    -4.46895742416382    450.810882568359
47.807    -4.15844678878784    455.746612548828
47.908    -3.96443939208984    460.113250732422
48.008    -3.71205639839172    464.934783935547
48.108    -3.45992159843445    469.529327392578
48.208    -3.14941096305847    474.237121582031
48.308    -2.81952452659607    478.869110107422
48.409    -2.6058931350708    483.729034423828
48.509    -2.3343825340271    488.361511230469
48.609    -2.08199954032898    493.259338378906
48.709    -1.79086458683014    498.119262695313
48.809    -1.48035395145416    502.523315429688
48.91    -1.18921911716461    507.421142578125
49.01    -0.937084436416626    511.825714111328
49.11    -0.762204766273499    516.799377441406
49.21    -0.510070085525513    521.279724121094
49.31    -0.374190628528595    526.329650878906
49.411    -0.180183529853821    530.544189453125
49.511    -0.0443040542304516    535.517822265625
49.611    0.0915754288434982    540.111877441406
49.711    0.227454900741577    545.085510253906
49.811    0.324582666158676    549.983825683594
49.911    0.518589735031128    554.274169921875
50.012    0.615469098091125    559.134094238281
50.112    0.84847629070282    563.65234375
50.212    0.925979793071747    568.6259765625
50.312    1.04248332977295    573.144287109375
50.412    1.17836284637451    578.004150390625
50.513    1.23649048805237    582.636169433594
50.613    1.41137003898621    587.306030273438
50.713    1.58600127696991    592.356018066406
50.813    1.64412891864777    596.494689941406
50.913    1.85751187801361    601.582092285156
51.014    2.01276731491089    605.83447265625
51.114    2.12927079200745    610.960266113281
51.214    2.30390214920044    615.364807128906
51.314    2.51753330230713    620.300537109375
51.414    2.65341281890869    624.856689453125
51.514    2.80866813659668    629.716613769531
51.615    3.09955453872681    634.614440917969
51.715    3.23543405532837    639.170593261719
51.815    3.52656888961792    644.144714355469
51.915    3.72057604789734    648.510864257813
52.015    3.95358324050903    653.560852050781
52.116    4.22534227371216    658.002807617188
52.216    4.53585290908813    662.786865234375
52.316    4.69110822677612    667.343078613281
52.416    5.02099466323853    672.203002929688
52.516    5.31212949752808    676.645446777344
52.616    5.60326433181763    681.694885253906
52.717    5.87477493286133    686.403198242188
52.817    6.22428607940674    690.959350585938
52.917    6.51517248153687    695.743469238281
53.017    6.88405895233154    700.337524414063
53.117    6.34054088592529    697.034240722656
53.217    6.1077823638916    692.098510742188
53.316    5.48676109313965    687.314392089844
53.416    5.17624998092651    682.340270996094
53.515    4.69110822677612    677.328735351563
53.615    4.30284547805786    672.430908203125
53.714    3.89545559883118    667.153015136719
53.814    3.46844124794006    662.558959960938
53.913    3.02205109596252    657.357421875
54.013    2.61441278457642    652.535400390625
54.112    2.24577450752258    647.447998046875
54.212    1.89651203155518    642.549682617188
54.311    1.46949768066406    637.879821777344
54.411    1.21711456775665    632.640319824219
54.51    0.809724569320679    627.932067871094
54.61    0.382710248231888    622.616760253906
54.709    0.0528236925601959    618.060607910156
54.808    -0.316063016653061    612.821105957031
54.908    -0.568197727203369    608.036987304688
55.007    -0.917460143566132    602.911254882813
55.107    -1.28634679317474    598.240844726563
55.206    -1.59685754776001    592.925598144531
55.306    -1.88799238204956    588.255676269531
55.405    -2.23725485801697    583.129943847656
55.505    -2.48963785171509    578.155822753906
55.604    -2.8389003276825    573.106323242188
55.704    -3.1687867641449    568.512268066406
55.803    -3.45992159843445    562.968566894531
55.903    -3.78980827331543    558.602416992188
56.002    -4.0031909942627    553.248718261719
56.102    -4.23619842529297    548.465087890625
56.201    -4.50795745849609    543.377258300781
56.301    -4.76009225845337    538.706909179688
56.4    -4.99309921264648    533.315795898438
56.5    -5.28423404693604    528.607482910156
56.599    -5.49761724472046    523.899719238281
56.699    -5.65287256240845    518.811828613281
56.798    -5.92463159561157    514.065673828125
56.898    -6.07988691329956    508.826141357422
56.997    -6.31264543533325    504.194152832031
57.097    -6.50665283203125    498.992584228516
57.196    -6.73965978622437    494.360107421875
57.296    -6.91429090499878    489.006896972656
57.395    -7.05017042160034    484.260711669922
57.494    -7.22480201721191    479.210784912109
57.594    -7.39943313598633    474.237121582031
57.693    -7.63244009017944    469.149291992188
57.793    -7.88457489013672    464.517303466797
57.892    -7.94295072555542    459.315734863281
57.992    -8.11758232116699    454.455810546875
58.091    -8.25346183776855    449.405883789063
58.191    -8.48622035980225    444.622253417969
58.29    -8.60272407531738    439.420196533203
58.39    -8.7773551940918    434.636596679688
58.489    -8.95198631286621    429.396636962891
58.589    -9.0297384262085    424.7646484375
58.688    -9.24312114715576    419.638885498047
58.788    -9.4371280670166    415.12060546875
58.887    -9.55363178253174    410.184875488281
58.987    -9.6895112991333    405.021209716797
59.086    -9.86414241790771    400.389221191406
59.186    -10.0775260925293    394.883911132813
59.285    -10.252405166626    390.289855957031
59.385    -10.5045404434204    385.049865722656
59.484    -10.6791715621948    380.304168701172
59.584    -10.9121780395508    375.330047607422
59.683    -11.0674333572388    370.584320068359
59.783    -11.3973207473755    365.306457519531
59.882    -11.5525760650635    360.636566162109
59.982    -11.7272071838379    355.472900390625
60.08    -12.0183420181274    350.803009033203
60.179    -12.1735973358154    345.563049316406
60.279    -12.3869800567627    340.778961181641
60.378    -12.5812358856201    335.615295410156
60.478    -12.9498739242554    330.945404052734
60.577    -13.1826324462891    325.743835449219
60.677    -13.4156398773193    320.997619628906
60.776    -13.5515193939209    315.910278320313
60.876    -13.823278427124    311.011962890625
60.975    -14.0366611480713    306.455780029297
61.075    -14.289044380188    301.292114257813
61.174    -14.289044380188    296.470611572266
61.274    -14.4052991867065    291.306945800781
61.373    -14.579930305481    286.447021484375
61.473    -14.6189308166504    281.472900390625
61.572    -14.6576824188232    276.575073242188
61.672    -14.579930305481    271.449310302734
61.771    -14.599555015564    266.779418945313
61.871    -14.5411787033081    261.615753173828
61.97    -14.5411787033081    256.565826416016
62.07    -14.3859233856201    251.32633972168
62.169    -14.3471717834473    246.883895874023
62.269    -14.2112922668457    241.644409179688
62.368    -14.1531648635864    237.012420654297
62.468    -14.1337890625    231.924575805664
62.567    -14.0366611480713    227.140472412109
62.667    -14.0754127502441    221.825180053711
62.766    -14.0172853469849    217.154800415039
62.866    -13.9201574325562    211.839508056641
62.965    -13.9979095458984    207.169128417969
63.065    -13.823278427124    201.967559814453
63.164    -13.9201574325562    197.259765625
63.264    -13.9201574325562    192.627777099609
63.363    -13.7649021148682    187.387802124023
63.463    -13.648398399353    182.755828857422
63.562    -13.7649021148682    177.440536499023
63.661    -13.7067747116089    172.884353637695
63.761    -13.668023109436    167.644393920898
63.86    -13.648398399353    162.746566772461
63.96    -13.5321435928345    157.469192504883
64.059    -13.5515193939209    152.913009643555
64.159    -13.4350156784058    147.787261962891
64.258    -13.3378877639771    143.003158569336
64.358    -13.2797603607178    137.80158996582
64.457    -13.2022571563721    133.245422363281
64.557    -13.0663776397705    128.043838500977
64.656    -13.0470018386841    123.183937072754
64.756    -12.6974906921387    118.058181762695
64.855    -12.6006116867065    113.349891662598
64.955    -12.3676042556763    108.072509765625
65.054    -12.0183420181274    103.516334533691
65.154    -11.6690788269043    98.2768630981445
65.253    -11.2420654296875    93.5685729980469
65.353    -10.8344268798828    88.4428176879883
65.452    -10.5822916030884    83.5829010009766
65.552    -10.3105325698853    79.026725769043
65.651    -10.1940288543701    73.7114334106445
65.751    -10.0193977355957    69.0031509399414
65.85    -9.82539081573486    63.839485168457
65.95    -9.70888710021973    58.9416618347168
66.049    -9.55363178253174    53.8538131713867
66.149    -9.70888710021973    49.1460113525391
66.248    -9.65075969696045    44.0960731506348
66.348    -9.45650386810303    39.2740631103516
66.447    -9.51488018035889    34.2625160217285
66.547    -9.49550437927246    29.212574005127
66.646    -9.55363178253174    24.1252117156982
66.745    -9.37900066375732    19.2652950286865
66.845    -9.45650386810303    14.3290767669678
66.944    -9.39837646484375    9.54546070098877
67.044    -9.47612857818604    4.49552011489868
67.143    -9.45650386810303    -0.136466860771179
67.247    -9.37900066375732    -5.64178133010864
67.35    -9.28187274932861    -10.6917209625244
67.454    -9.28187274932861    -15.817476272583
67.557    -9.30124855041504    -21.2090682983398
67.661    -9.28187274932861    -26.372730255127
67.764    -9.18499374389648    -31.6501140594482
67.868    -9.18499374389648    -36.0925636291504
67.971    -9.24312114715576    -41.2562255859375
68.075    -9.18499374389648    -46.3056793212891
68.178    -9.22374534606934    -51.4693412780762
68.282    -9.16561794281006    -57.0130500793457
68.385    -9.16561794281006    -62.1388053894043
68.489    -9.16561794281006    -67.2261657714844
68.592    -9.1072416305542    -72.5419387817383
68.696    -9.06849002838135    -77.6676940917969
68.799    -9.06849002838135    -82.7934494018555
68.903    -9.06849002838135    -87.5770721435547
69.006    -9.0297384262085    -92.9307556152344
69.11    -8.99073791503906    -98.0186004638672
69.213    -9.0297384262085    -103.258079528809
69.317    -9.0297384262085    -108.155899047852
69.42    -9.0297384262085    -113.547492980957
69.524    -9.01036262512207    -118.82487487793
69.627    -9.01036262512207    -123.912727355957
69.731    -9.04911422729492    -129.114303588867
69.834    -9.0297384262085    -134.126342773438
69.938    -8.97136211395264    -138.986251831055
70.041    -8.95198631286621    -144.225723266602
70.145    -8.97136211395264    -149.427291870117
70.248    -8.97136211395264    -154.439331054688
70.352    -8.97136211395264    -159.944641113281
70.455    -8.97136211395264    -165.108306884766
70.559    -8.87448310852051    -170.234069824219
70.662    -8.93261051177979    -175.435638427734
70.766    -8.95198631286621    -180.522994995117
70.869    -8.95198631286621    -185.686660766602
70.973    -8.93261051177979    -190.281219482422
71.076    -8.95198631286621    -195.59651184082
71.18    -8.95198631286621    -200.988098144531
71.334    -8.75797939300537    -195.406982421875
71.432    -8.64147567749023    -190.888717651367
71.53    -8.66085147857666    -186.408355712891
71.627    -8.58334827423096    -181.700073242188
71.725    -8.54459667205811    -176.840148925781
71.822    -8.5249719619751    -172.398178100586
71.92    -8.42809295654297    -167.993637084961
72.018    -8.33096504211426    -163.437469482422
72.115    -8.35034084320068    -158.425918579102
72.213    -8.35034084320068    -154.059280395508
72.31    -8.27283763885498    -149.503112792969
72.408    -8.23408603668213    -144.5673828125
72.506    -8.15633392333984    -140.163330078125
72.603    -8.11758232116699    -135.72087097168
72.701    -8.11758232116699    -131.164703369141
72.798    -8.21446132659912    -126.342681884766
72.896    -8.07883071899414    -121.824417114258
72.994    -8.05920600891113    -117.420364379883
73.091    -8.07883071899414    -112.408332824707
73.189    -8.11758232116699    -107.92797088623
73.286    -7.98170280456543    -103.48600769043
73.384    -8.00107860565186    -99.271484375
73.481    -7.92357492446899    -94.1457290649414
73.579    -8.00107860565186    -89.6653747558594
73.677    -8.00107860565186    -85.1471099853516
73.774    -7.90395069122314    -80.7051467895508
73.872    -7.92357492446899    -75.7310180664063
73.969    -7.92357492446899    -71.3269653320313
74.067    -7.84582328796387    -66.7328796386719
74.165    -7.88457489013672    -62.0245971679688
74.262    -7.92357492446899    -57.5442390441895
74.36    -7.90395069122314    -52.9122505187988
74.457    -7.88457489013672    -48.5461006164551
74.555    -7.84582328796387    -43.458251953125
74.653    -7.78769540786743    -38.977897644043
74.75    -7.82644748687744    -34.5359306335449
74.848    -7.82644748687744    -29.8276462554932
74.946    -7.72931957244873    -25.4994029998779
75.043    -7.72931957244873    -20.7532081604004
75.141    -7.74869537353516    -16.3870582580566
75.238    -7.80707168579102    -11.4134187698364
75.336    -7.82644748687744    -7.04678344726563
75.434    -7.80707168579102    -2.4147961139679
75.531    -7.72931957244873    2.63514399528503
75.631    -7.72931957244873    7.07710838317871
75.732    -7.78769540786743    11.8612108230591
75.832    -7.72931957244873    16.4173831939697
75.932    -7.72931957244873    21.0114631652832
76.032    -7.7099437713623    25.6055431365967
76.132    -7.72931957244873    30.5038528442383
76.233    -7.69056797027588    35.0979347229004
76.333    -7.65181589126587    39.8815536499023
76.433    -7.65181589126587    44.6277465820313
76.533    -7.7099437713623    49.2976417541504
76.633    -7.59344005584717    54.3096733093262
76.734    -7.65181589126587    58.8658485412598
76.834    -7.63244009017944    63.763671875
76.934    -7.59344005584717    68.091911315918
77.034    -7.67119216918945    73.0660400390625
77.134    -7.59344005584717    77.4321899414063
77.234    -7.51593685150146    82.4821319580078
77.335    -7.53531265258789    86.8482818603516
77.435    -7.49656057357788    91.8603134155273
77.535    -7.51593685150146    96.7202301025391
77.635    -7.41880893707275    101.238494873047
77.735    -7.43818473815918    106.060020446777
77.836    -7.43818473815918    110.616188049316
77.936    -7.36068105697632    115.400291442871
78.036    -7.34130525588989    120.108581542969
78.136    -7.30255365371704    124.854286193848
78.236    -7.36068105697632    129.448364257813
78.337    -7.30255365371704    134.460388183594
78.437    -7.32192945480347    139.3203125
78.537    -7.28292942047119    143.762756347656
78.637    -7.24417781829834    148.50846862793
78.737    -7.26355361938477    153.064636230469
78.838    -7.30255365371704    157.810836791992
78.938    -7.20542573928833    162.214889526367
79.038    -7.16667413711548    167.416946411133
79.138    -7.20542573928833    171.821014404297
79.238    -7.20542573928833    176.643020629883
79.339    -7.22480201721191    181.578750610352
79.439    -7.10829830169678    185.945388793945
79.539    -7.20542573928833    191.10905456543
79.639    -7.14729833602905    195.513107299805
79.739    -7.1276741027832    200.410934448242
79.84    -7.05017042160034    204.92919921875
79.94    -7.1276741027832    209.751205444336
80.04    -7.08892250061035    214.155258178711
80.14    -7.05017042160034    219.053573608398
80.24    -7.03079462051392    223.495529174805
80.34    -6.99204301834106    228.355453491211
80.441    -7.05017042160034    233.367492675781
80.541    -6.99204301834106    237.961563110352
80.641    -6.99204301834106    242.859390258789
80.741    -6.95304298400879    247.149719238281
80.841    -6.93366718292236    252.085464477539
80.942    -6.89491510391235    256.565826416016
81.042    -6.91429090499878    261.501556396484
81.142    -6.89491510391235    266.057708740234
81.242    -6.83678770065308    270.993927001953
81.342    -6.8561635017395    275.891754150391
81.443    -6.83678770065308    280.182098388672
81.543    -6.81716346740723    285.193634033203
81.643    -6.89491510391235    289.674011230469
81.743    -6.77841138839722    294.571838378906
81.843    -6.83678770065308    299.165893554688
81.944    -6.77841138839722    303.950012207031
82.044    -6.75903558731079    308.354553222656
82.144    -6.75903558731079    313.290283203125
82.244    -6.73965978622437    318.1123046875
82.344    -6.73965978622437    322.554260253906
82.444    -6.66190814971924    327.604187011719
82.545    -6.66190814971924    332.046661376953
82.645    -6.68153238296509    336.982391357422
82.745    -6.6037802696228    341.348541259766
82.845    -6.62315607070923    346.398468017578
82.945    -6.6037802696228    350.650909423828
83.046    -6.50665283203125    355.700836181641
83.146    -6.46790075302124    360.066986083984
83.246    -6.54565286636353    365.079010009766
83.346    -6.50665283203125    369.976837158203
83.446    -6.40977334976196    374.305084228516
83.547    -6.35139751434326    379.355041503906
83.647    -6.35139751434326    383.872802734375
83.747    -6.25451803207397    388.732727050781
83.847    -6.25451803207397    393.137268066406
83.947    -6.21576642990112    398.225128173828
84.048    -6.09926271438599    402.553344726563
84.148    -5.96338319778442    407.564910888672
84.248    -5.80812788009644    412.463226318359
84.348    -5.73037576675415    416.791442871094
84.448    -5.61412048339844    421.689270019531
84.548    -5.49761724472046    426.131744384766
84.649    -5.28423404693604    431.067474365234
84.749    -5.20648241043091    435.471527099609
84.849    -4.93472337722778    440.521453857422
84.949    -4.74071645736694    444.925994873047
85.049    -4.43020534515381    449.747528076172
85.15    -4.25557422637939    454.797454833984
85.25    -4.0031909942627    459.125701904297
85.35    -3.61517715454102    464.175659179688
85.45    -3.45992159843445    468.579711914063
85.55    -3.1687867641449    473.515930175781
85.65    -2.89702796936035    477.995788574219
85.751    -2.56714129447937    483.083648681641
85.851    -2.37313437461853    487.373992919922
85.951    -2.04324769973755    492.461822509766
86.051    -1.90736818313599    496.638427734375
86.151    -1.59685754776001    501.574157714844
86.252    -1.22797083854675    506.586212158203
86.352    -0.975836157798767    511.028198242188
86.452    -0.762204766273499    515.888122558594
86.552    -0.60694944858551    520.254760742188
86.652    -0.4516941010952    525.342102050781
86.753    -0.257687002420425    529.708740234375
86.853    -0.0636799186468124    534.606567382813
86.953    0.149703025817871    539.049011230469
87.053    0.208079040050507    543.984741210938
87.153    0.324582666158676    548.920471191406
87.254    0.479838013648987    553.248718261719
87.354    0.615469098091125    558.37451171875
87.454    0.751348555088043    562.854858398438
87.554    0.84847629070282    567.676879882813
87.654    0.945604026317596    572.080932617188
87.754    1.12023520469666    576.940856933594
87.855    1.21711456775665    581.68701171875
87.955    1.37237000465393    586.433227539063
88.055    1.48887360095978    591.368957519531
88.155    1.68288064002991    595.697204589844
88.255    1.72188079357147    600.785034179688
88.356    1.8381359577179    605.265380859375
88.456    2.05176734924316    610.049011230469
88.556    2.12927079200745    614.529357910156
88.656    2.34290218353271    619.3134765625
88.756    2.51753330230713    624.021301269531
88.856    2.71154046058655    628.805358886719
88.957    2.88617157936096    633.361572265625
89.057    3.13855481147766    638.031921386719
89.157    3.41006541252136    643.1572265625
89.257    3.5849449634552    647.599670410156
89.357    3.91483163833618    652.421630859375
89.458    4.10883855819702    657.091552734375
89.558    4.47747707366943    661.799865722656
89.658    4.65210819244385    666.280212402344
89.758    4.9432430267334    671.215942382813
89.858    5.11787414550781    675.734191894531
89.958    5.40900897979736    680.707824707031
90.059    5.83602333068848    685.454040527344
90.159    6.1077823638916    689.89599609375
90.259    6.39891719818115    694.908020019531
90.359    6.65105199813843    699.312072753906
90.459    7.03931427001953    704.248291015625
90.559    6.65105199813843    700.945007324219
90.659    6.12715816497803    695.857177734375
90.758    5.75851964950562    691.03515625
90.858    5.29275369644165    685.871520996094
90.957    4.90449142456055    681.049499511719
91.057    4.419349193573    675.885803222656
91.156    3.97295904159546    671.178039550781
91.256    3.5849449634552    665.976440429688
91.355    3.15793061256409    661.230285644531
91.455    2.86679577827454    656.028686523438
91.554    2.38165402412415    651.472534179688
91.654    2.05176734924316    646.043029785156
91.753    1.76063251495361    641.373107910156
91.853    1.31424236297607    636.551086425781
91.952    0.945604026317596    631.463256835938
92.052    0.654469192028046    626.603332519531
92.151    0.266206651926041    621.401794433594
92.251    -0.121807523071766    616.845581054688
92.35    -0.510070085525513    611.64404296875
92.45    -0.762204766273499    606.784118652344
92.549    -1.09233975410461    601.772094726563
92.649    -1.40285050868988    596.760559082031
92.748    -1.82961630821228    591.74853515625
92.847    -2.04324769973755    586.926513671875
92.947    -2.39251017570496    581.649108886719
93.046    -2.78052425384521    577.017150878906
93.146    -2.97477984428406    571.777160644531
93.245    -3.30466628074646    567.221008300781
93.345    -3.55680108070374    562.09521484375
93.444    -3.90631198883057    557.273742675781
93.544    -4.11969470977783    552.110046386719
93.643    -4.43020534515381    547.098022460938
93.743    -4.74071645736694    541.934387207031
93.842    -4.91534757614136    537.150268554688
93.942    -5.18710660934448    532.100830078125
94.041    -5.38111352920532    527.430419921875
94.141    -5.59474468231201    522.760498046875
94.24    -5.80812788009644    517.444763183594
94.34    -6.04088640213013    512.774841308594
94.439    -6.23514223098755    507.724884033203
94.539    -6.35139751434326    502.827056884766
94.638    -6.62315607070923    497.663391113281
94.738    -6.83678770065308    492.993499755859
94.837    -7.06954622268677    487.601898193359
94.937    -7.14729833602905    482.969909667969
95.036    -7.3800573348999    478.0341796875
95.135    -7.57406425476074    473.097961425781
95.235    -7.72931957244873    467.820587158203
95.334    -7.84582328796387    463.150695800781
95.434    -8.02045440673828    458.024932861328
95.533    -8.21446132659912    453.202941894531
95.633    -8.38934135437012    448.077178955078
95.732    -8.54459667205811    443.293060302734
95.832    -8.69985198974609    438.12939453125
95.931    -8.83548259735107    433.307403564453
96.031    -9.06849002838135    428.181640625
96.13    -9.12661743164063    423.473846435547
96.23    -9.32087326049805    418.689727783203
96.329    -9.59238338470459    413.563995361328
96.429    -9.61175918579102    408.741973876953
96.528    -9.78663921356201    403.730438232422
96.628    -9.80601501464844    398.908416748047
96.727    -10.2134056091309    393.782653808594
96.827    -10.2911567687988    389.074859619141
96.926    -10.5432920455933    383.872802734375
97.026    -10.8344268798828    379.127105712891
97.125    -10.9315538406372    373.887634277344
97.225    -11.1839370727539    369.217254638672
97.324    -11.4360723495483    363.939849853516
97.424    -11.5913276672363    359.193664550781
97.523    -11.7853345870972    353.992095947266
97.622    -12.0183420181274    349.245910644531
97.722    -12.3869800567627    344.044342041016
97.821    -12.6006116867065    339.412353515625
97.921    -12.7946186065674    334.096557617188
98.02    -12.9304981231689    329.502471923828
98.12    -13.2216329574585    324.376739501953
98.219    -13.4543914794922    319.555206298828
98.319    -13.6873989105225    314.391540527344
98.418    -13.9201574325562    309.645355224609
98.518    -14.0947885513306    305.202880859375
98.617    -14.2112922668457    299.65966796875
98.717    -14.5024271011353    294.989776611328
98.816    -14.5024271011353    289.788208007813
98.916    -14.6189308166504    285.079925537109
99.015    -14.579930305481    279.992065429688
99.115    -14.6770582199097    275.170074462891
99.214    -14.6576824188232    269.930603027344
99.314    -14.7158098220825    265.260681152344
99.413    -14.5218029022217    260.059112548828
99.513    -14.5024271011353    255.122909545898
99.612    -14.3859233856201    250.225082397461
99.712    -14.289044380188    245.440979003906
99.811    -14.289044380188    240.163589477539
99.911    -14.1919164657593    235.569519042969
100.01    -14.0947885513306    230.367950439453
100.11    -14.1337890625    225.583847045898
100.209    -14.114164352417    220.344360351563
100.308    -14.0947885513306    215.673980712891
100.408    -14.0754127502441    210.700347900391
100.507    -14.0366611480713    205.68879699707
100.607    -13.958909034729    200.486740112305
100.706    -13.9201574325562    195.854751586914
100.806    -13.978533744812    191.298583984375
100.905    -13.8814058303833    185.983291625977
101.005    -13.9201574325562    181.427124023438
101.104    -13.823278427124    175.997619628906
101.204    -13.8814058303833    171.251419067383
101.303    -13.7455263137817    166.20149230957
101.403    -13.7067747116089    161.379959106445
101.502    -13.7067747116089    156.17790222168
101.602    -13.6096467971802    151.545913696289
101.701    -13.5708951950073    146.420166015625
101.801    -13.512767791748    141.63655090332
101.9    -13.493143081665    136.434494018555
102    -13.2797603607178    131.65087890625
102.099    -13.2410087585449    126.449317932129
102.199    -13.0857534408569    121.816841125488
102.298    -12.9498739242554    116.539459228516
102.398    -12.7364912033081    111.907470703125
102.497    -12.6587390899658    106.743804931641
102.597    -12.4259805679321    102.111335754395
102.696    -11.998966217041    96.8339538574219
102.796    -11.6107034683228    91.9361267089844
102.895    -11.0480575561523    86.696647644043
102.995    -10.7569227218628    81.9883575439453
103.094    -10.4270362854004    77.5080032348633
103.194    -10.3105325698853    72.2306213378906
103.293    -10.1552772521973    67.4086074829102
103.393    -10.0193977355957    62.2828559875488
103.492    -9.82539081573486    57.7266807556152
103.592    -9.82539081573486    52.2213668823242
103.691    -9.67013549804688    47.5893821716309
103.79    -9.63138389587402    42.5394401550293
103.89    -9.57300758361816    37.7174301147461
103.989    -9.59238338470459    32.4400482177734
104.089    -9.55363178253174    27.7317562103271
104.188    -9.49550437927246    22.4543724060059
104.288    -9.49550437927246    17.8982009887695
104.387    -9.4371280670166    12.7345380783081
104.487    -9.41775226593018    8.25417995452881
104.586    -9.41775226593018    3.12842559814453
104.686    -9.47612857818604    -1.80730640888214
104.789    -9.34024906158447    -7.12259817123413
104.893    -9.34024906158447    -12.2862596511841
104.996    -9.3596248626709    -17.5262222290039
105.1    -9.34024906158447    -22.7656993865967
105.203    -9.26249694824219    -27.9293613433838
105.307    -9.34024906158447    -33.1309280395508
105.41    -9.28187274932861    -37.7629165649414
105.514    -9.24312114715576    -42.6991348266602
105.617    -9.12661743164063    -48.0902404785156
105.721    -9.20436954498291    -53.3681106567383
105.824    -9.24312114715576    -58.5696792602539
105.928    -9.24312114715576    -63.6954345703125
106.031    -9.18499374389648    -68.8970031738281
106.135    -9.24312114715576    -74.1364822387695
106.238    -9.16561794281006    -79.3001403808594
106.342    -9.0297384262085    -84.425895690918
106.445    -9.14599323272705    -89.2099990844727
106.549    -9.12661743164063    -94.4115676879883
106.652    -9.08786582946777    -99.5752334594727
106.756    -9.06849002838135    -104.852615356445
106.859    -9.08786582946777    -110.092582702637
106.963    -9.0297384262085    -115.104125976563
107.066    -9.01036262512207    -120.381507873535
107.17    -9.0297384262085    -125.583564758301
107.273    -9.0297384262085    -130.823043823242
107.377    -8.97136211395264    -135.455032348633
107.48    -8.97136211395264    -140.618698120117
107.583    -9.0297384262085    -145.858169555664
107.687    -9.01036262512207    -151.021835327148
107.79    -8.95198631286621    -156.147598266602
107.894    -8.91323471069336    -161.501281738281
107.997    -8.97136211395264    -166.512817382813
108.101    -8.91323471069336    -171.676483154297
108.204    -9.01036262512207    -177.068084716797
108.308    -8.95198631286621    -182.118011474609
108.411    -8.91323471069336    -186.78791809082
108.515    -8.95198631286621    -192.179504394531
108.618    -8.91323471069336    -197.305267333984
108.722    -8.95198631286621    -202.46891784668
