sec"   "mA"   "mV
0.153    -6.75903558731079    -22.4240474700928
0.251    -6.99204301834106    -20.525764465332
0.349    -7.1860499382019    -18.7412014007568
0.446    -7.28292942047119    -16.8424320220947
0.544    -7.32192945480347    -15.096263885498
0.642    -7.3800573348999    -13.4254245758057
0.739    -7.39943313598633    -11.8687934875488
0.837    -7.41880893707275    -9.93260192871094
0.934    -7.39943313598633    -8.11013317108154
1.032    -7.47718477249146    -6.55301570892334
1.13    -7.45780897140503    -4.73054647445679
1.227    -7.45780897140503    -2.87017035484314
1.325    -7.39943313598633    -1.12400209903717
1.423    -7.47718477249146    0.660559594631195
1.523    -7.43818473815918    2.40721392631531
1.623    -7.47718477249146    4.19177532196045
1.723    -7.43818473815918    5.9384298324585
1.823    -7.49656057357788    8.06464385986328
1.924    -7.43818473815918    9.65918254852295
2.024    -7.47718477249146    11.4816513061523
2.124    -7.43818473815918    13.2283058166504
2.224    -7.45780897140503    15.0886821746826
2.324    -7.47718477249146    16.7969436645508
2.425    -7.49656057357788    18.5435962677002
2.525    -7.47718477249146    20.1381359100342
2.625    -7.51593685150146    22.1506271362305
2.725    -7.41880893707275    24.0110034942627
2.825    -7.43818473815918    25.6818428039551
2.926    -7.43818473815918    27.6938495635986
3.026    -7.47718477249146    29.4405040740967
3.126    -7.51593685150146    31.3387870788574
3.226    -7.45780897140503    33.0854454040527
3.327    -7.49656057357788    35.0216331481934
3.427    -7.47718477249146    36.8061943054199
3.527    -7.41880893707275    38.4012222290039
3.627    -7.43818473815918    40.299503326416
3.727    -7.39943313598633    42.1598815917969
3.828    -7.47718477249146    44.0960731506348
3.928    -7.39943313598633    45.652702331543
4.028    -7.45780897140503    47.5514717102051
4.128    -7.3800573348999    49.2597351074219
4.228    -7.39943313598633    51.158504486084
4.329    -7.43818473815918    52.904670715332
4.429    -7.49656057357788    54.917163848877
4.529    -7.34130525588989    56.3979797363281
4.629    -7.39943313598633    58.2204513549805
4.729    -7.43818473815918    60.1187324523926
4.83    -7.43818473815918    61.9032936096191
4.93    -7.45780897140503    63.9536933898926
5.03    -7.45780897140503    65.7382583618164
5.13    -7.43818473815918    67.4844207763672
5.23    -7.47718477249146    69.2310791015625
5.331    -7.41880893707275    70.9777297973633
5.431    -7.43818473815918    72.7622909545898
5.531    -7.39943313598633    74.5468521118164
5.631    -7.3800573348999    76.5967712402344
5.731    -7.39943313598633    78.2296981811523
5.832    -7.39943313598633    80.2417068481445
5.932    -7.34130525588989    81.7604293823242
6.032    -7.39943313598633    83.5449905395508
6.132    -7.41880893707275    85.3674621582031
6.232    -7.36068105697632    87.2278366088867
6.333    -7.47718477249146    88.7465591430664
6.433    -7.39943313598633    90.9111709594727
6.533    -7.3800573348999    92.6194305419922
6.633    -7.32192945480347    94.4039916992188
6.733    -7.41880893707275    96.3401794433594
6.834    -7.39943313598633    98.0868377685547
6.934    -7.39943313598633    99.8713989257813
7.034    -7.41880893707275    101.731773376465
7.134    -7.39943313598633    103.554244995117
7.234    -7.36068105697632    105.148780822754
7.335    -7.39943313598633    107.12336730957
7.435    -7.34130525588989    108.83211517334
7.535    -7.3800573348999    110.806213378906
7.635    -7.3800573348999    112.514961242676
7.735    -7.34130525588989    114.337425231934
7.836    -7.34130525588989    116.083595275879
7.936    -7.36068105697632    117.906066894531
8.036    -7.34130525588989    119.766929626465
8.136    -7.34130525588989    121.437278747559
8.236    -7.32192945480347    123.183937072754
8.337    -7.36068105697632    125.15803527832
8.437    -7.32192945480347    126.904685974121
8.537    -7.34130525588989    128.765060424805
8.637    -7.36068105697632    130.663345336914
8.737    -7.30255365371704    132.296279907227
8.838    -7.28292942047119    134.080841064453
8.938    -7.28292942047119    135.979125976563
9.038    -7.26355361938477    137.611572265625
9.138    -7.26355361938477    139.69987487793
9.238    -7.26355361938477    141.332809448242
9.339    -7.34130525588989    143.116882324219
9.439    -7.22480201721191    144.977737426758
9.539    -7.26355361938477    146.686004638672
9.639    -7.36068105697632    148.432662963867
9.739    -7.30255365371704    150.368850708008
9.84    -7.26355361938477    152.077590942383
9.94    -7.24417781829834    153.786346435547
10.04    -7.30255365371704    155.722534179688
10.14    -7.32192945480347    157.507095336914
10.24    -7.26355361938477    159.291656494141
10.341    -7.26355361938477    161.303665161133
10.441    -7.28292942047119    162.974502563477
10.541    -7.26355361938477    164.796966552734
10.641    -7.26355361938477    166.505722045898
10.741    -7.26355361938477    168.47981262207
10.842    -7.28292942047119    170.188568115234
10.942    -7.28292942047119    172.048934936523
11.042    -7.24417781829834    173.87141418457
11.142    -7.26355361938477    175.541763305664
11.242    -7.26355361938477    177.364227294922
11.343    -7.22480201721191    179.186706542969
11.443    -7.22480201721191    181.009170532227
11.543    -7.20542573928833    182.717910766602
11.643    -7.14729833602905    184.57829284668
11.743    -7.1860499382019    186.438674926758
11.844    -7.1860499382019    188.261138916016
11.944    -7.16667413711548    189.855682373047
12.044    -7.1860499382019    191.906066894531
12.144    -7.1860499382019    193.652725219727
12.244    -7.1860499382019    195.513107299805
12.345    -7.16667413711548    197.259765625
12.445    -7.14729833602905    198.930114746094
12.545    -7.20542573928833    200.828887939453
12.645    -7.1276741027832    202.575057983398
12.745    -7.1276741027832    204.473815917969
12.846    -7.1276741027832    206.334197998047
12.946    -7.1276741027832    207.890823364258
13.046    -7.16667413711548    209.864929199219
13.146    -7.08892250061035    211.573669433594
13.246    -7.10829830169678    213.624069213867
13.347    -7.10829830169678    215.180709838867
13.447    -7.14729833602905    217.19270324707
13.547    -7.16667413711548    218.977264404297
13.647    -7.10829830169678    220.761840820313
13.747    -7.08892250061035    222.318466186523
13.848    -7.1276741027832    224.255142211914
13.948    -7.10829830169678    225.925491333008
14.048    -7.08892250061035    227.823776245117
14.148    -7.16667413711548    229.722549438477
14.248    -7.08892250061035    231.430816650391
14.349    -7.06954622268677    233.215377807617
14.449    -7.08892250061035    235.152053833008
14.549    -7.10829830169678    236.936126708984
14.649    -7.03079462051392    238.68278503418
14.749    -7.03079462051392    240.467346191406
14.85    -7.01141881942749    242.365631103516
14.95    -7.01141881942749    244.150192260742
15.05    -7.01141881942749    245.934753417969
15.15    -7.01141881942749    247.643493652344
15.25    -7.03079462051392    249.579681396484
15.351    -7.06954622268677    251.32633972168
15.451    -6.95304298400879    253.26252746582
15.551    -7.01141881942749    254.78125
15.651    -7.03079462051392    256.641632080078
15.751    -6.97241878509521    258.464111328125
15.852    -7.01141881942749    260.324951171875
15.952    -7.03079462051392    262.223236083984
16.052    -6.95304298400879    263.969909667969
16.152    -6.97241878509521    265.792358398438
16.252    -7.01141881942749    267.462707519531
16.353    -6.97241878509521    269.323089599609
16.453    -6.99204301834106    271.107666015625
16.553    -6.97241878509521    272.930114746094
16.653    -6.91429090499878    274.524658203125
16.753    -7.01141881942749    276.612976074219
16.854    -7.01141881942749    278.397521972656
16.954    -6.97241878509521    280.068389892578
17.054    -6.95304298400879    282.156188964844
17.154    -6.97241878509521    283.864929199219
17.254    -6.95304298400879    285.763214111328
17.354    -6.95304298400879    287.509887695313
17.455    -6.91429090499878    289.142333984375
17.555    -6.95304298400879    291.003204345703
17.655    -6.93366718292236    292.825653076172
17.755    -6.91429090499878    294.533905029297
17.855    -6.89491510391235    296.318481445313
17.956    -6.93366718292236    298.065124511719
18.056    -6.91429090499878    299.925506591797
18.156    -6.91429090499878    301.823791503906
18.256    -6.87553930282593    303.608367919922
18.356    -6.8561635017395    305.696655273438
18.457    -6.93366718292236    307.177490234375
18.557    -6.83678770065308    308.999938964844
18.657    -6.91429090499878    310.860321044922
18.757    -6.87553930282593    312.720703125
18.857    -6.8561635017395    314.391540527344
18.958    -6.8561635017395    316.403533935547
19.058    -6.8561635017395    318.150207519531
19.158    -6.8561635017395    319.858947753906
19.258    -6.87553930282593    321.681427001953
19.358    -6.89491510391235    323.389678955078
19.459    -6.8561635017395    325.250061035156
19.559    -6.89491510391235    327.110443115234
19.659    -6.83678770065308    328.819183349609
19.759    -6.75903558731079    330.75537109375
19.859    -6.8561635017395    332.464111328125
19.96    -6.91429090499878    334.210784912109
20.06    -6.83678770065308    336.071136474609
20.16    -6.83678770065308    337.855712890625
20.26    -6.81716346740723    339.791900634766
20.36    -6.81716346740723    341.614379882813
20.461    -6.81716346740723    343.285217285156
20.561    -6.83678770065308    345.221405029297
20.661    -6.81716346740723    347.081787109375
20.761    -6.75903558731079    348.79052734375
20.861    -6.73965978622437    350.537170410156
20.962    -6.72028398513794    352.359649658203
21.062    -6.77841138839722    353.954193115234
21.162    -6.7977876663208    355.814575195313
21.262    -6.73965978622437    357.789154052734
21.362    -6.73965978622437    359.421600341797
21.463    -6.70090818405151    361.281982421875
21.563    -6.72028398513794    363.028625488281
21.663    -6.6037802696228    364.889007568359
21.763    -6.62315607070923    366.8251953125
21.863    -6.58440446853638    368.571838378906
21.964    -6.58440446853638    370.432220458984
22.064    -6.5262770652771    372.026763916016
22.164    -6.46790075302124    374.039245605469
22.264    -6.46790075302124    375.747985839844
22.364    -6.33202123641968    377.646270751953
22.465    -6.37102174758911    379.278717041016
22.565    -6.19614219665527    381.253326416016
22.665    -6.17676591873169    382.847839355469
22.765    -6.11863851547241    384.670318603516
22.865    -6.0215106010437    386.492797851563
22.966    -6.00213479995728    388.353149414063
23.066    -5.90525531768799    390.327758789063
23.166    -5.86625528335571    391.960205078125
23.266    -5.78875207901001    393.744750976563
23.366    -5.75    395.491424560547
23.467    -5.67224836349487    397.237579345703
23.567    -5.59474468231201    399.287963867188
23.667    -5.49761724472046    400.958831787109
23.767    -5.47824144363403    402.819183349609
23.867    -5.41986513137817    404.641662597656
23.968    -5.34236192703247    406.502044677734
24.068    -5.24523401260376    408.210784912109
24.168    -5.20648241043091    410.033264160156
24.268    -5.1093544960022    411.741516113281
24.368    -5.05122709274292    413.563995361328
24.468    -5.05122709274292    415.462280273438
24.569    -5.05122709274292    417.246826171875
24.669    -4.95409917831421    418.993499755859
24.769    -4.91534757614136    420.702239990234
24.869    -4.95409917831421    422.638427734375
24.969    -4.8378438949585    424.34716796875
25.07    -4.77946805953979    426.359161376953
25.17    -4.72134017944336    427.915802001953
25.27    -4.64358854293823    429.852478027344
25.37    -4.62421274185181    431.560729980469
25.47    -4.56608486175537    433.421600341797
25.571    -4.60483694076538    435.319885253906
25.671    -4.52733325958252    436.914428710938
25.771    -4.52733325958252    438.851104736328
25.871    -4.44958162307739    440.711486816406
25.971    -4.48833322525024    442.3818359375
26.071    -4.43020534515381    444.166412353516
26.172    -4.46895742416382    446.140991210938
26.272    -4.37207794189453    447.887145996094
26.372    -4.33307790756226    449.633819580078
26.472    -4.23619842529297    451.418365478516
26.572    -4.25557422637939    453.316650390625
26.673    -4.23619842529297    455.139129638672
26.773    -4.21682262420654    456.885772705078
26.873    -4.19744682312012    458.670349121094
26.973    -4.15844678878784    460.454895019531
27.073    -4.11969470977783    462.315277099609
27.173    -4.10031890869141    463.909820556641
27.274    -4.11969470977783    465.998107910156
27.374    -4.10031890869141    467.706878662109
27.474    -4.0031909942627    469.301391601563
27.574    -3.94506359100342    471.237609863281
27.674    -3.92568778991699    473.250091552734
27.775    -3.84793591499329    474.958343505859
27.875    -3.86731171607971    476.553375244141
27.975    -3.82856011390686    478.527465820313
28.075    -3.78980827331543    480.274139404297
28.175    -3.78980827331543    482.096588134766
28.275    -3.751056432724    483.805328369141
28.376    -3.6926805973053    485.665710449219
28.476    -3.6926805973053    487.563995361328
28.576    -3.65392875671387    489.310668945313
28.676    -3.63455295562744    491.133117675781
28.776    -3.57642531394958    492.765563964844
28.877    -3.61517715454102    494.778076171875
28.977    -3.47929763793945    496.372589111328
29.077    -3.49867343902588    498.270874023438
29.177    -3.44054579734802    499.979644775391
29.277    -3.4211699962616    501.991638183594
29.378    -3.36279392242432    503.776214599609
29.478    -3.36279392242432    505.484954833984
29.578    -3.30466628074646    507.345336914063
29.678    -3.22691440582275    509.205688476563
29.778    -3.1881628036499    510.952392578125
29.879    -3.20753860473633    512.622741699219
29.979    -3.20753860473633    514.711059570313
30.079    -3.11065936088562    516.191833496094
30.179    -3.13003516197205    518.204345703125
30.279    -3.03290748596191    519.988891601563
30.379    -3.05228328704834    521.583435058594
30.48    -2.95540404319763    523.519653320313
30.58    -2.91640377044678    525.380493164063
30.68    -2.97477984428406    527.203002929688
30.78    -2.87765216827393    528.911254882813
30.88    -2.89702796936035    530.847900390625
30.981    -2.85827612876892    532.55615234375
31.081    -2.85827612876892    534.454467773438
31.181    -2.81952452659607    536.125305175781
31.281    -2.76114845275879    537.985656738281
31.381    -2.72239661216736    539.770263671875
31.482    -2.74177265167236    541.706420898438
31.582    -2.74177265167236    543.377258300781
31.682    -2.68364500999451    545.3134765625
31.782    -2.6058931350708    547.363830566406
31.882    -2.56714129447937    548.73046875
31.982    -2.52838969230652    550.59130859375
32.083    -2.52838969230652    552.261657714844
32.183    -2.47001361846924    554.159973144531
32.283    -2.43126177787781    556.058715820313
32.383    -2.37313437461853    557.729064941406
32.483    -2.3343825340271    559.665283203125
32.584    -2.29538249969482    561.411926269531
32.684    -2.27600646018982    563.158569335938
32.784    -2.15950298309326    564.943176269531
32.884    -2.14012694358826    566.917236328125
32.984    -2.04324769973755    568.550170898438
33.085    -1.98487174510956    570.448486328125
33.185    -1.94612002372742    572.308837890625
33.285    -1.90736818313599    573.979675292969
33.385    -1.77148878574371    575.840026855469
33.485    -1.73273706436157    577.662536621094
33.586    -1.67436099052429    579.522888183594
33.686    -1.61623334884644    581.041625976563
33.786    -1.48035395145416    583.129943847656
33.886    -1.38322615623474    584.838195800781
33.986    -1.36385035514832    586.736938476563
34.086    -1.26697099208832    588.445251464844
34.187    -1.15046739578247    590.19189453125
34.287    -1.11171567440033    592.090148925781
34.387    -0.956460297107697    593.723083496094
34.487    -0.937084436416626    595.773010253906
34.587    -0.801204919815063    597.405944824219
34.688    -0.723453044891357    599.266296386719
34.788    -0.568197727203369    601.050903320313
34.888    -0.58757358789444    602.949157714844
34.988    -0.471318364143372    604.581604003906
35.088    -0.354814738035202    606.480346679688
35.189    -0.257687002420425    608.264465332031
35.289    -0.16080766916275    610.276916503906
35.389    -0.0636799186468124    611.833557128906
35.489    0.0528236925601959    613.6181640625
35.589    0.188703179359436    615.554809570313
35.69    0.246830776333809    617.225158691406
35.79    0.363334387540817    619.161376953125
35.89    0.479838013648987    620.718505859375
35.99    0.537965595722198    622.768371582031
36.09    0.712596833705902    624.515014648438
36.191    0.809724569320679    626.071655273438
36.291    0.887228012084961    628.235778808594
36.391    1.04248332977295    629.868713378906
36.491    1.15898704528809    631.804931640625
36.591    1.25611472129822    633.475769042969
36.691    1.41137003898621    635.336120605469
36.792    1.46949768066406    637.082275390625
36.892    1.60537719726563    638.943176269531
36.992    1.72188079357147    640.575622558594
37.092    1.85751187801361    642.626037597656
37.192    1.93526375293732    644.334289550781
37.293    2.10989499092102    646.080932617188
37.393    2.20702266693115    647.941284179688
37.493    2.26515030860901    649.687927246094
37.593    2.45915746688843    651.700439453125
37.693    2.53690934181213    653.257080078125
37.793    2.65341281890869    655.193298339844
37.894    2.78904390335083    656.977844238281
37.994    2.94429922103882    658.762390136719
38.094    3.06080293655396    660.622741699219
38.194    3.21605825424194    662.369445800781
38.294    3.29381012916565    664.229797363281
38.395    3.44906544685364    665.862243652344
38.495    3.54594492912292    667.836853027344
38.595    3.68182420730591    669.621398925781
38.695    3.8564555644989    671.44384765625
38.795    3.97295904159546    672.962585449219
38.896    4.05071115493774    674.936706542969
38.996    4.22534227371216    676.797058105469
39.096    4.32222175598145    678.581604003906
39.196    4.47747707366943    680.479919433594
39.296    4.6717324256897    682.150756835938
39.396    4.71048402786255    684.011108398438
39.497    4.88511514663696    685.795654296875
39.597    5.09849834442139    687.807678222656
39.697    5.15687417984009    689.478515625
39.797    5.29275369644165    691.376831054688
39.897    5.44800901412964    692.933471679688
39.998    5.58364009857178    694.755920410156
40.098    5.60326433181763    696.540466308594
40.198    5.87477493286133    698.325012207031
40.298    5.9137749671936    700.147521972656
40.398    5.89415073394775    698.818786621094
40.498    5.56426429748535    696.84423828125
40.597    5.46738481521606    694.755920410156
40.697    5.25375366210938    692.478088378906
40.796    5.15687417984009    690.351867675781
40.896    4.9432430267334    688.263549804688
40.995    4.7492356300354    686.288940429688
41.095    4.63273239135742    684.0869140625
41.194    4.419349193573    681.998657226563
41.294    4.26409387588501    679.872436523438
41.393    4.07008695602417    677.708312988281
41.492    3.95358324050903    675.809997558594
41.592    3.77895212173462    673.7216796875
41.691    3.54594492912292    671.595520019531
41.791    3.42968964576721    669.393432617188
41.89    3.23543405532837    667.456787109375
41.99    3.13855481147766    665.368957519531
42.089    2.94429922103882    663.318542480469
42.189    2.75029230117798    661.040222167969
42.288    2.59503674507141    659.255676269531
42.388    2.420405626297    656.864135742188
42.487    2.30390214920044    655.003234863281
42.587    2.18764686584473    652.801208496094
42.686    1.97401547431946    650.674987792969
42.786    1.81876015663147    648.510864257813
42.885    1.70225656032562    646.650512695313
42.985    1.52762532234192    644.29638671875
43.084    1.43074595928192    642.398071289063
43.184    1.3336181640625    640.119750976563
43.283    1.10085940361023    638.259399414063
43.383    0.984355807304382    635.867309570313
43.482    0.790348708629608    633.8173828125
43.582    0.712596833705902    632.108642578125
43.681    0.518589735031128    629.640808105469
43.781    0.421461999416351    627.780395507813
43.88    0.208079040050507    625.616271972656
43.979    0.110951296985149    623.603820800781
44.079    -0.141183391213417    621.477600097656
44.178    -0.16080766916275    619.503479003906
44.278    -0.374190628528595    617.225158691406
44.377    -0.412942349910736    615.364807128906
44.477    -0.645949602127075    613.010620117188
44.576    -0.645949602127075    611.188171386719
44.676    -0.801204919815063    608.871948242188
44.775    -0.975836157798767    606.822021484375
44.875    -1.05333960056305    604.619506835938
44.974    -1.26697099208832    602.645385742188
45.074    -1.40285050868988    600.329162597656
45.173    -1.57748162746429    598.468811035156
45.273    -1.67436099052429    596.266784667969
45.372    -1.81024050712585    594.292175292969
45.472    -1.90736818313599    592.090148925781
45.571    -2.00424766540527    590.19189453125
45.671    -2.15950298309326    587.951965332031
45.77    -2.21787881851196    585.825744628906
45.87    -2.35375833511353    583.851135253906
45.969    -2.52838969230652    581.914978027344
46.069    -2.58651733398438    579.978271484375
46.168    -2.70302081108093    577.624633789063
46.268    -2.8389003276825    575.57421875
46.367    -2.91640377044678    573.257995605469
46.467    -3.13003516197205    571.473449707031
46.566    -3.20753860473633    569.233459472656
46.666    -3.32404232025146    567.107299804688
46.765    -3.45992159843445    564.943176269531
46.865    -3.59580111503601    562.968566894531
46.964    -3.6926805973053    560.880249023438
47.064    -3.80918407440186    558.906188964844
47.163    -3.84793591499329    556.7041015625
47.262    -3.96443939208984    554.767456054688
47.362    -4.08094310760498    552.489624023438
47.461    -4.21682262420654    550.439208984375
47.561    -4.31370210647583    548.199279785156
47.66    -4.37207794189453    546.186767578125
47.76    -4.48833322525024    543.984741210938
47.859    -4.52733325958252    542.313903808594
47.959    -4.64358854293823    539.883972167969
48.058    -4.8378438949585    537.985656738281
48.158    -4.85721969604492    536.049499511719
48.257    -4.95409917831421    533.6953125
48.357    -5.05122709274292    531.797058105469
48.456    -5.14835453033447    529.480834960938
48.556    -5.26460981369019    527.468322753906
48.655    -5.26460981369019    525.418395996094
48.755    -5.34236192703247    523.292175292969
48.854    -5.47824144363403    521.127563476563
48.954    -5.59474468231201    519.267211914063
49.053    -5.6916241645813    516.875183105469
49.152    -5.73037576675415    514.93896484375
49.252    -5.84687948226929    512.850646972656
49.351    -5.86625528335571    510.762359619141
49.451    -5.90525531768799    508.674011230469
49.55    -6.06051111221313    506.547821044922
49.65    -6.07988691329956    504.535797119141
49.749    -6.17676591873169    502.523315429688
49.849    -6.2738938331604    500.245483398438
49.948    -6.33202123641968    498.232971191406
50.048    -6.37102174758911    495.993041992188
50.147    -6.44852495193481    494.208465576172
50.247    -6.5262770652771    492.082275390625
50.346    -6.54565286636353    489.728118896484
50.446    -6.68153238296509    487.867736816406
50.545    -6.75903558731079    485.741546630859
50.645    -6.7977876663208    483.729034423828
50.744    -6.83678770065308    481.679138183594
50.844    -6.81716346740723    479.628723144531
50.943    -6.91429090499878    477.274597167969
51.043    -7.03079462051392    475.33837890625
51.142    -7.05017042160034    473.174285888672
51.242    -7.03079462051392    471.161773681641
51.341    -7.1276741027832    468.921844482422
51.441    -7.14729833602905    467.137298583984
51.54    -7.20542573928833    464.973175048828
51.64    -7.30255365371704    462.732727050781
51.739    -7.32192945480347    460.530700683594
51.839    -7.41880893707275    458.784057617188
51.938    -7.47718477249146    456.429901123047
52.038    -7.43818473815918    454.493713378906
52.137    -7.55468845367432    452.367523193359
52.237    -7.59344005584717    450.165466308594
52.336    -7.69056797027588    448.039276123047
52.436    -7.72931957244873    446.102600097656
52.535    -7.7099437713623    444.280120849609
52.635    -7.76831960678101    441.96435546875
52.734    -7.80707168579102    439.951873779297
52.834    -7.90395069122314    437.749847412109
52.933    -7.88457489013672    435.775268554688
53.033    -7.962327003479    433.5732421875
53.132    -7.962327003479    431.637054443359
53.231    -8.05920600891113    429.282897949219
53.331    -8.11758232116699    427.536254882813
53.43    -8.13695812225342    425.068389892578
53.53    -8.1950855255127    423.170104980469
53.629    -8.25346183776855    421.081787109375
53.729    -8.35034084320068    419.145599365234
53.828    -8.44746875762939    416.943084716797
53.928    -8.50559616088867    414.854766845703
54.027    -8.56397247314453    412.766967773438
54.127    -8.60272407531738    410.678649902344
54.226    -8.66085147857666    408.59033203125
54.326    -8.69985198974609    406.502044677734
54.425    -8.73860359191895    404.337921142578
54.525    -8.81610679626465    402.325439453125
54.624    -8.81610679626465    400.123413085938
54.724    -8.87448310852051    398.263031005859
54.823    -8.85510730743408    396.174713134766
54.923    -8.93261051177979    393.972686767578
55.022    -8.97136211395264    391.960205078125
55.122    -9.0297384262085    389.947692871094
55.221    -9.08786582946777    387.897796630859
55.321    -9.18499374389648    385.543640136719
55.42    -9.24312114715576    383.569061279297
55.52    -9.34024906158447    381.329132080078
55.619    -9.37900066375732    379.506652832031
55.718    -9.37900066375732    377.418365478516
55.818    -9.55363178253174    375.140502929688
55.917    -9.53425598144531    373.241729736328
56.017    -9.55363178253174    371.115509033203
56.116    -9.65075969696045    368.913482666016
56.216    -9.6895112991333    366.673553466797
56.315    -9.6895112991333    364.585266113281
56.415    -9.80601501464844    362.724884033203
56.514    -9.96127033233643    360.636566162109
56.614    -9.98064613342285    358.624084472656
56.713    -10.0775260925293    356.422058105469
56.813    -10.1165256500244    354.371643066406
56.912    -10.252405166626    352.055908203125
57.012    -10.3299083709717    350.195526123047
57.111    -10.3299083709717    348.183044433594
57.211    -10.3880367279053    345.943084716797
57.31    -10.4851636886597    344.044342041016
57.41    -10.562915802002    341.84228515625
57.509    -10.6016674041748    339.906097412109
57.609    -10.7181711196899    337.665679931641
57.708    -10.8344268798828    335.653686523438
57.808    -10.9509305953979    333.527465820313
57.907    -11.0090579986572    331.401245117188
58.007    -11.1255617141724    329.160827636719
58.106    -11.1449375152588    327.338348388672
58.206    -11.1643133163452    325.022613525391
58.305    -11.2420654296875    323.123840332031
58.405    -11.2808170318604    320.846008300781
58.504    -11.4748239517212    318.83349609375
58.603    -11.6497030258179    316.783111572266
58.703    -11.6107034683228    314.695281982422
58.802    -11.7078313827515    312.644897460938
58.902    -11.688455581665    310.480773925781
59.001    -11.7659587860107    308.430358886719
59.101    -11.8630867004395    306.342071533203
59.2    -11.9602136611938    304.519592285156
59.3    -12.0764694213867    302.279663085938
59.399    -12.1348457336426    300.153442382813
59.499    -12.1348457336426    297.913024902344
59.598    -12.1735973358154    296.052642822266
59.698    -12.2511005401611    293.888519287109
59.797    -12.2901010513306    291.914428710938
59.897    -12.3482284545898    289.560272216797
59.996    -12.3869800567627    287.699890136719
60.095    -12.4063558578491    285.421569824219
60.194    -12.464732170105    283.637023925781
60.294    -12.4453563690186    281.434997558594
60.393    -12.5228595733643    279.270874023438
60.493    -12.6006116867065    277.182556152344
60.592    -12.7364912033081    275.246368408203
60.692    -12.6393632888794    273.005950927734
60.791    -12.6587390899658    271.145568847656
60.891    -12.7168664932251    268.829803466797
60.99    -12.8139944076538    266.817321777344
61.09    -12.6974906921387    264.653198242188
61.189    -12.6974906921387    262.678619384766
61.288    -12.6587390899658    260.514495849609
61.388    -12.6974906921387    258.464111328125
61.487    -12.6974906921387    256.452087402344
61.587    -12.5422353744507    254.135864257813
61.686    -12.464732170105    252.161758422852
61.786    -12.4259805679321    250.035537719727
61.885    -12.4453563690186    247.947235107422
61.985    -12.3869800567627    245.934753417969
62.084    -12.4259805679321    243.998550415039
62.184    -12.3288526535034    241.796035766602
62.283    -12.3288526535034    239.82194519043
62.383    -12.3288526535034    237.657821655273
62.482    -12.309476852417    235.493698120117
62.582    -12.2511005401611    233.443298339844
62.681    -12.1348457336426    231.545013427734
62.781    -12.1348457336426    229.266693115234
62.88    -12.1348457336426    227.254684448242
62.98    -12.1929731369019    224.976348876953
63.079    -12.0764694213867    222.850143432617
63.179    -12.1154699325562    220.761840820313
63.278    -12.1735973358154    218.863555908203
63.378    -12.0958452224731    216.661514282227
63.477    -12.0958452224731    214.801147460938
63.577    -12.0183420181274    212.447006225586
63.676    -11.9212141036987    210.434509277344
63.776    -11.8630867004395    208.574127197266
63.875    -11.843710899353    206.296295166016
63.975    -11.7853345870972    204.511734008789
64.074    -11.7853345870972    202.119674682617
64.174    -11.7078313827515    200.221389770508
64.273    -11.7078313827515    198.095184326172
64.372    -11.7078313827515    195.968963623047
64.472    -11.6690788269043    193.804351806641
64.571    -11.6690788269043    191.943984985352
64.671    -11.6107034683228    189.704040527344
64.77    -11.6107034683228    187.502014160156
64.87    -11.4554481506348    185.299499511719
64.969    -11.4166965484619    183.515426635742
65.069    -11.3779439926147    181.161285400391
65.168    -11.3001928329468    179.300903320313
65.268    -11.2033128738403    177.098388671875
65.367    -11.1643133163452    175.086380004883
65.467    -11.1255617141724    173.07389831543
65.566    -11.0868091583252    170.947677612305
65.666    -10.9703063964844    168.897277832031
65.765    -10.9315538406372    166.733154296875
65.865    -10.8928022384644    164.569046020508
65.964    -10.6985473632813    162.594940185547
66.064    -10.5432920455933    160.734085083008
66.163    -10.4464120864868    158.569961547852
66.263    -10.3880367279053    156.520050048828
66.362    -10.2327814102173    154.507553100586
66.462    -10.2327814102173    152.267623901367
66.561    -10.0387735366821    150.103012084961
66.661    -9.98064613342285    147.938888549805
66.76    -9.90289402008057    145.888977050781
66.859    -9.80601501464844    143.876480102539
66.959    -9.65075969696045    141.598159790039
67.058    -9.61175918579102    139.775680541992
67.158    -9.61175918579102    137.535751342773
67.257    -9.59238338470459    135.675369262695
67.357    -9.59238338470459    133.435440063477
67.456    -9.53425598144531    131.385040283203
67.556    -9.49550437927246    129.068801879883
67.655    -9.45650386810303    127.056800842285
67.755    -9.41775226593018    124.96849822998
67.854    -9.39837646484375    122.918098449707
67.954    -9.37900066375732    120.639770507813
68.053    -9.28187274932861    118.703575134277
68.153    -9.26249694824219    116.956924438477
68.252    -9.20436954498291    114.716987609863
68.352    -9.22374534606934    112.704498291016
68.451    -9.18499374389648    110.502464294434
68.551    -9.18499374389648    108.414161682129
68.65    -9.16561794281006    106.212135314941
68.75    -9.12661743164063    104.237548828125
68.849    -9.1072416305542    102.149726867676
68.949    -9.1072416305542    100.250961303711
69.048    -9.0297384262085    97.9731140136719
69.148    -9.0297384262085    96.0748291015625
69.247    -9.04911422729492    93.8344116210938
69.347    -9.01036262512207    91.6323776245117
69.446    -8.91323471069336    89.46826171875
69.545    -8.97136211395264    87.5699768066406
69.645    -8.95198631286621    85.2916488647461
69.744    -8.97136211395264    83.5829010009766
69.844    -8.97136211395264    81.1529388427734
69.943    -8.95198631286621    79.2546539306641
70.043    -8.93261051177979    77.2042617797852
70.142    -8.95198631286621    75.192253112793
70.242    -8.91323471069336    72.9139251708984
70.341    -8.87448310852051    70.9777297973633
70.441    -8.87448310852051    68.9273300170898
70.54    -8.93261051177979    66.9532318115234
70.64    -8.87448310852051    64.7507171630859
70.739    -8.87448310852051    62.5107841491699
70.839    -8.87448310852051    60.6124992370605
70.938    -8.81610679626465    58.334171295166
71.038    -8.79673099517822    56.4358863830566
71.137    -8.83548259735107    54.1575584411621
71.237    -8.85510730743408    52.4113922119141
71.336    -8.85510730743408    50.0193405151367
71.436    -8.79673099517822    48.0068473815918
71.535    -8.79673099517822    45.9948425292969
71.635    -8.85510730743408    43.9065361022949
71.734    -8.75797939300537    41.7424125671387
71.834    -8.83548259735107    39.6541061401367
71.933    -8.75797939300537    37.4515914916992
72.033    -8.81610679626465    35.6291236877441
72.132    -8.75797939300537    33.4270973205566
72.232    -8.81610679626465    31.3387870788574
72.331    -8.79673099517822    29.1746654510498
72.431    -8.75797939300537    26.8968238830566
72.53    -8.79673099517822    24.9980525970459
72.63    -8.73860359191895    22.8718395233154
72.729    -8.71922779083252    21.1256713867188
72.829    -8.69985198974609    18.7336196899414
72.928    -8.68022727966309    16.6453132629395
73.027    -8.68022727966309    14.7849369049072
73.127    -8.62209987640381    12.6966304779053
73.226    -8.66085147857666    10.4946022033691
73.326    -8.69985198974609    8.67213344573975
73.425    -8.71922779083252    6.35589647293091
73.525    -8.69985198974609    4.26759004592896
73.624    -8.60272407531738    2.2555844783783
73.724    -8.69985198974609    0.318907380104065
73.823    -8.66085147857666    -1.99684321880341
73.927    -8.68022727966309    -4.08514976501465
74.03    -8.66085147857666    -6.28766393661499
74.134    -8.64147567749023    -8.26176261901855
74.237    -8.60272407531738    -10.5779991149902
74.341    -8.62209987640381    -12.8179349899292
74.444    -8.66085147857666    -15.0583572387695
74.548    -8.60272407531738    -17.1461772918701
74.651    -8.56397247314453    -19.2344837188721
74.755    -8.60272407531738    -21.5128135681152
74.858    -8.58334827423096    -23.6769332885742
74.962    -8.5249719619751    -25.9168701171875
75.065    -8.5249719619751    -28.3089218139648
75.169    -8.58334827423096    -30.1313896179199
75.272    -8.5249719619751    -32.3718109130859
75.376    -8.58334827423096    -34.4980239868164
75.479    -8.50559616088867    -36.5479354858398
75.583    -8.60272407531738    -38.7883605957031
75.686    -8.46684455871582    -40.800365447998
75.79    -8.50559616088867    -43.0407867431641
75.893    -8.48622035980225    -44.976978302002
75.997    -8.44746875762939    -47.5590515136719
76.1    -8.44746875762939    -49.4194297790527
76.204    -8.42809295654297    -51.8114776611328
76.307    -8.42809295654297    -53.823486328125
76.411    -8.44746875762939    -56.063907623291
76.514    -8.40871715545654    -58.4175643920898
76.618    -8.42809295654297    -60.4679641723633
76.721    -8.42809295654297    -62.6320838928223
76.825    -8.44746875762939    -64.9104156494141
76.928    -8.40871715545654    -67.0366287231445
77.032    -8.33096504211426    -69.238655090332
77.135    -8.42809295654297    -71.4785919189453
77.239    -8.33096504211426    -73.3389663696289
77.342    -8.38934135437012    -75.6172943115234
77.446    -8.36971664428711    -77.8193283081055
77.549    -8.35034084320068    -79.8318176269531
77.652    -8.29221343994141    -82.1475677490234
77.756    -8.33096504211426    -84.425895690918
77.859    -8.33096504211426    -86.5900192260742
77.963    -8.29221343994141    -88.7541427612305
78.066    -8.29221343994141    -91.032470703125
78.17    -8.29221343994141    -92.8928451538086
78.273    -8.33096504211426    -95.2085952758789
78.377    -8.27283763885498    -97.1452713012695
78.48    -8.29221343994141    -99.4610214233398
78.584    -8.27283763885498    -101.701446533203
78.687    -8.27283763885498    -103.903472900391
78.791    -8.21446132659912    -106.067596435547
78.894    -8.27283763885498    -108.004272460938
78.998    -8.1950855255127    -110.472137451172
79.101    -8.25346183776855    -112.484146118164
79.205    -8.23408603668213    -114.496635437012
79.308    -8.21446132659912    -116.774963378906
79.412    -8.25346183776855    -118.939086914063
79.515    -8.23408603668213    -121.103210449219
79.619    -8.21446132659912    -123.229423522949
79.722    -8.21446132659912    -125.507263183594
79.826    -8.23408603668213    -127.633483886719
79.929    -8.21446132659912    -129.98762512207
80.033    -8.21446132659912    -132.341781616211
80.136    -8.21446132659912    -134.2021484375
80.24    -8.1950855255127    -136.252548217773
80.343    -8.1950855255127    -138.454574584961
80.447    -8.17570972442627    -140.580795288086
80.55    -8.1950855255127    -142.858642578125
80.654    -8.17570972442627    -144.795318603516
80.757    -8.23408603668213    -147.26318359375
80.86    -8.17570972442627    -149.275665283203
80.964    -8.13695812225342    -151.629333496094
81.067    -8.13695812225342    -153.869750976563
81.171    -8.17570972442627    -155.995956420898
81.274    -8.17570972442627    -157.970062255859
81.378    -8.17570972442627    -160.096282958984
81.481    -8.15633392333984    -162.070861816406
81.585    -8.21446132659912    -164.310791015625
81.688    -8.1950855255127    -166.589126586914
81.792    -8.15633392333984    -168.791152954102
81.895    -8.1950855255127    -170.879455566406
81.999    -8.15633392333984    -173.233123779297
82.102    -8.17570972442627    -175.359329223633
82.206    -8.15633392333984    -177.56184387207
82.309    -8.17570972442627    -179.422225952148
82.413    -8.17570972442627    -181.700073242188
82.516    -8.1950855255127    -183.940490722656
82.62    -8.17570972442627    -186.104614257813
82.723    -8.1950855255127    -188.230819702148
82.827    -8.1950855255127    -190.508666992188
82.93    -8.21446132659912    -192.673278808594
83.034    -8.17570972442627    -194.951110839844
83.137    -8.1950855255127    -196.773590087891
83.241    -8.23408603668213    -199.127731323242
83.344    -8.17570972442627    -201.253936767578
83.499    -8.07883071899414    -199.203536987305
83.597    -8.09820652008057    -197.456893920898
83.695    -8.02045440673828    -195.824447631836
83.792    -8.02045440673828    -193.774047851563
83.89    -8.03983020782471    -192.293228149414
83.987    -8.00107860565186    -190.394943237305
84.085    -7.962327003479    -188.68620300293
84.183    -7.98170280456543    -186.78791809082
84.28    -7.962327003479    -185.269195556641
84.378    -8.00107860565186    -183.370910644531
84.475    -7.962327003479    -181.586349487305
84.573    -7.90395069122314    -179.688064575195
84.671    -7.94295072555542    -177.827682495117
84.768    -7.88457489013672    -176.156845092773
84.866    -7.92357492446899    -174.524398803711
84.963    -7.90395069122314    -173.005676269531
85.061    -7.90395069122314    -171.03108215332
85.159    -7.90395069122314    -169.208618164063
85.256    -7.90395069122314    -167.424057006836
85.354    -7.86519908905029    -165.677886962891
85.451    -7.84582328796387    -163.969146728516
85.549    -7.88457489013672    -162.070861816406
85.647    -7.84582328796387    -160.324203491211
85.744    -7.88457489013672    -158.691757202148
85.842    -7.84582328796387    -156.755081176758
85.939    -7.80707168579102    -155.046829223633
86.037    -7.80707168579102    -153.3759765625
86.135    -7.80707168579102    -151.705627441406
86.232    -7.80707168579102    -149.768951416016
86.33    -7.80707168579102    -148.098602294922
86.427    -7.74869537353516    -146.161926269531
86.525    -7.76831960678101    -144.605285644531
86.622    -7.80707168579102    -142.782821655273
86.72    -7.78769540786743    -141.11247253418
86.818    -7.76831960678101    -139.517440795898
86.915    -7.80707168579102    -137.505432128906
87.013    -7.78769540786743    -135.72087097168
87.11    -7.76831960678101    -134.050033569336
87.208    -7.74869537353516    -132.189651489258
87.306    -7.74869537353516    -130.443496704102
87.403    -7.74869537353516    -128.810562133789
87.501    -7.7099437713623    -127.063896179199
87.599    -7.7099437713623    -124.97607421875
87.696    -7.76831960678101    -123.381050109863
87.794    -7.74869537353516    -121.824417114258
87.891    -7.7099437713623    -120.001953125
87.989    -7.63244009017944    -118.027854919434
88.086    -7.69056797027588    -116.394920349121
88.184    -7.67119216918945    -114.496635437012
88.282    -7.69056797027588    -112.864189147949
88.379    -7.69056797027588    -110.851699829102
88.477    -7.69056797027588    -109.219253540039
88.574    -7.63244009017944    -107.624229431152
88.672    -7.65181589126587    -105.840148925781
88.77    -7.63244009017944    -103.941383361816
88.867    -7.63244009017944    -102.308937072754
88.965    -7.61306428909302    -100.714393615723
89.062    -7.55468845367432    -98.701904296875
89.16    -7.61306428909302    -96.8794326782227
89.258    -7.61306428909302    -95.2469863891602
89.355    -7.59344005584717    -93.3482208251953
89.453    -7.61306428909302    -91.525749206543
89.55    -7.57406425476074    -89.9691162109375
89.648    -7.53531265258789    -88.336669921875
89.746    -7.57406425476074    -86.3999938964844
89.843    -7.57406425476074    -84.7296447753906
89.941    -7.51593685150146    -82.9071731567383
90.038    -7.55468845367432    -81.1984252929688
90.136    -7.59344005584717    -79.3759613037109
90.234    -7.61306428909302    -77.5914001464844
90.331    -7.55468845367432    -75.9968566894531
90.429    -7.55468845367432    -74.0606689453125
90.526    -7.49656057357788    -72.504035949707
90.624    -7.55468845367432    -70.7573776245117
90.722    -7.57406425476074    -69.0486373901367
90.819    -7.59344005584717    -67.1503524780273
90.917    -7.53531265258789    -65.327880859375
91.014    -7.59344005584717    -63.6954345703125
91.112    -7.55468845367432    -61.7587585449219
91.21    -7.51593685150146    -59.9741973876953
91.307    -7.47718477249146    -58.3038444519043
91.405    -7.55468845367432    -56.5192794799805
91.503    -7.59344005584717    -54.6589050292969
91.6    -7.59344005584717    -53.0264587402344
91.698    -7.55468845367432    -51.3556175231934
91.795    -7.59344005584717    -49.2294044494629
91.893    -7.51593685150146    -47.5590515136719
91.991    -7.47718477249146    -45.8882102966309
92.088    -7.55468845367432    -44.1415596008301
92.186    -7.49656057357788    -42.3569946289063
92.283    -7.49656057357788    -40.5729217529297
92.381    -7.53531265258789    -38.8641738891602
92.479    -7.53531265258789    -37.383358001709
92.576    -7.47718477249146    -35.4092597961426
92.674    -7.59344005584717    -33.8142318725586
92.771    -7.47718477249146    -31.8401374816895
92.869    -7.55468845367432    -29.8655529022217
92.966    -7.51593685150146    -28.2710132598877
93.064    -7.49656057357788    -26.6006603240967
93.162    -7.47718477249146    -25.0819358825684
93.259    -7.51593685150146    -23.0694446563721
93.357    -7.49656057357788    -21.2848834991455
93.455    -7.47718477249146    -19.8040657043457
93.552    -7.53531265258789    -17.7157592773438
93.65    -7.53531265258789    -16.0454063415527
93.747    -7.47718477249146    -14.5266819000244
93.845    -7.53531265258789    -12.704213142395
93.943    -7.53531265258789    -10.6917209625244
94.04    -7.51593685150146    -8.9829740524292
94.138    -7.49656057357788    -7.38843536376953
94.235    -7.53531265258789    -5.41433715820313
94.333    -7.45780897140503    -3.74349737167358
94.431    -7.55468845367432    -1.84521377086639
94.528    -7.47718477249146    -0.174374207854271
94.626    -7.49656057357788    1.79972422122955
94.726    -7.51593685150146    3.54637837409973
94.826    -7.53531265258789    5.2930326461792
94.926    -7.53531265258789    6.9254789352417
95.027    -7.51593685150146    8.82376289367676
95.127    -7.47718477249146    10.684139251709
95.227    -7.47718477249146    12.3549785614014
95.327    -7.47718477249146    14.2153549194336
95.427    -7.43818473815918    15.8098936080933
95.528    -7.43818473815918    17.5944557189941
95.628    -7.43818473815918    19.5690402984619
95.728    -7.49656057357788    21.4294166564941
95.828    -7.47718477249146    23.1376762390137
95.928    -7.47718477249146    25.0743541717529
96.029    -7.43818473815918    26.6688938140869
96.129    -7.47718477249146    28.6050834655762
96.229    -7.45780897140503    30.4275531768799
96.329    -7.53531265258789    32.136302947998
96.429    -7.43818473815918    34.1487922668457
96.53    -7.43818473815918    36.0470771789551
96.63    -7.45780897140503    37.7553367614746
96.73    -7.43818473815918    39.5019912719727
96.83    -7.41880893707275    41.4765777587891
96.93    -7.47718477249146    42.9953002929688
97.031    -7.41880893707275    45.0452156066895
97.131    -7.47718477249146    46.6781463623047
97.231    -7.47718477249146    48.3864059448242
97.331    -7.49656057357788    50.5510139465332
97.431    -7.43818473815918    52.0697402954102
97.532    -7.47718477249146    54.0059280395508
97.632    -7.43818473815918    55.8283996582031
97.732    -7.47718477249146    57.6887741088867
97.832    -7.47718477249146    59.2454071044922
97.932    -7.47718477249146    61.1436882019043
98.032    -7.49656057357788    62.9661598205566
98.133    -7.43818473815918    64.7507171630859
98.233    -7.43818473815918    66.535285949707
98.333    -7.49656057357788    68.4335632324219
98.433    -7.43818473815918    70.2944259643555
98.533    -7.47718477249146    72.0405960083008
98.634    -7.53531265258789    73.8630676269531
98.734    -7.47718477249146    75.6476287841797
98.834    -7.43818473815918    77.3942794799805
98.934    -7.45780897140503    79.178840637207
99.034    -7.39943313598633    81.1529388427734
99.135    -7.45780897140503    82.9754104614258
99.235    -7.49656057357788    84.5325241088867
99.335    -7.3800573348999    86.3549957275391
99.435    -7.51593685150146    88.1011657714844
99.535    -7.43818473815918    90.113655090332
99.636    -7.45780897140503    91.7461013793945
99.736    -7.45780897140503    93.7206878662109
99.836    -7.41880893707275    95.2394104003906
99.936    -7.39943313598633    97.3656234741211
100.036    -7.39943313598633    99.1122817993164
100.136    -7.41880893707275    100.896354675293
100.237    -7.43818473815918    102.833030700684
100.337    -7.41880893707275    104.503387451172
100.437    -7.43818473815918    106.32585144043
100.537    -7.3800573348999    107.882484436035
100.637    -7.41880893707275    109.970794677734
100.738    -7.39943313598633    111.489517211914
100.838    -7.39943313598633    113.46410369873
100.938    -7.3800573348999    115.36238861084
101.038    -7.43818473815918    117.146949768066
101.138    -7.47718477249146    118.81729888916
101.239    -7.41880893707275    120.639770507813
101.339    -7.39943313598633    122.538536071777
101.439    -7.39943313598633    124.095169067383
101.539    -7.39943313598633    126.259292602539
101.639    -7.3800573348999    127.891731262207
101.74    -7.39943313598633    129.828399658203
101.84    -7.34130525588989    131.460845947266
101.94    -7.39943313598633    133.283325195313
102.04    -7.3800573348999    135.219512939453
102.14    -7.39943313598633    136.890350341797
102.241    -7.3800573348999    138.750732421875
102.341    -7.34130525588989    140.611099243164
102.441    -7.3800573348999    142.395660400391
102.541    -7.34130525588989    144.142318725586
102.641    -7.30255365371704    146.078506469727
102.742    -7.3800573348999    147.711441040039
102.842    -7.34130525588989    149.495513916016
102.942    -7.32192945480347    151.242172241211
103.042    -7.34130525588989    152.950927734375
103.142    -7.34130525588989    155.03923034668
103.243    -7.28292942047119    156.633773803711
103.343    -7.30255365371704    158.494140625
103.443    -7.26355361938477    160.240798950195
103.543    -7.3800573348999    162.101181030273
103.643    -7.32192945480347    163.961547851563
103.743    -7.30255365371704    165.78401184082
103.844    -7.32192945480347    167.530670166016
103.944    -7.30255365371704    169.391052246094
104.044    -7.36068105697632    171.17561340332
104.144    -7.28292942047119    172.808059692383
104.244    -7.26355361938477    174.820556640625
104.345    -7.26355361938477    176.643020629883
104.445    -7.26355361938477    178.617111206055
104.545    -7.32192945480347    180.250045776367
104.645    -7.32192945480347    181.996704101563
104.745    -7.22480201721191    183.742874145508
104.846    -7.26355361938477    185.565338134766
104.946    -7.28292942047119    187.425720214844
105.046    -7.28292942047119    189.096557617188
105.146    -7.28292942047119    191.222763061523
105.246    -7.26355361938477    192.817306518555
105.347    -7.26355361938477    194.601867675781
105.447    -7.1860499382019    196.310623168945
105.547    -7.26355361938477    198.39892578125
105.647    -7.22480201721191    200.069274902344
105.747    -7.22480201721191    202.005462646484
105.847    -7.1860499382019    203.600494384766
105.948    -7.26355361938477    205.385055541992
106.048    -7.24417781829834    207.359146118164
106.148    -7.14729833602905    208.877883911133
106.248    -7.1276741027832    210.814071655273
106.348    -7.1276741027832    212.522811889648
106.449    -7.1860499382019    214.649032592773
106.549    -7.1860499382019    216.167755126953
106.649    -7.1276741027832    218.142333984375
106.749    -7.1860499382019    219.622665405273
106.849    -7.14729833602905    221.521438598633
106.95    -7.10829830169678    223.457626342773
107.05    -7.10829830169678    225.28010559082
107.15    -7.14729833602905    227.140472412109
107.25    -7.1276741027832    228.773406982422
107.35    -7.1276741027832    230.747512817383
107.451    -7.1276741027832    232.494155883789
107.551    -7.1276741027832    234.278717041016
107.651    -7.1276741027832    236.063278198242
107.751    -7.08892250061035    237.847351074219
107.851    -7.10829830169678    239.746124267578
107.951    -7.08892250061035    241.530685424805
108.052    -7.10829830169678    243.466888427734
108.152    -7.06954622268677    245.175628662109
108.252    -7.06954622268677    247.073913574219
108.352    -7.08892250061035    248.66845703125
108.452    -7.06954622268677    250.794662475586
108.553    -7.08892250061035    252.275482177734
108.653    -7.03079462051392    254.060043334961
108.753    -7.05017042160034    256.072540283203
108.853    -7.01141881942749    257.667083740234
108.953    -6.95304298400879    259.679077148438
109.054    -6.99204301834106    261.349914550781
109.154    -7.01141881942749    263.400329589844
109.254    -7.05017042160034    264.994842529297
109.354    -7.01141881942749    267.045257568359
109.454    -7.01141881942749    268.639801025391
109.555    -7.01141881942749    270.500183105469
109.655    -7.01141881942749    272.171020507813
109.755    -7.03079462051392    274.031372070313
109.855    -7.01141881942749    275.853851318359
109.955    -6.99204301834106    277.600036621094
110.055    -6.93366718292236    279.460876464844
110.156    -7.01141881942749    281.207061767578
110.256    -6.97241878509521    283.067443847656
110.356    -6.93366718292236    284.889892578125
110.456    -6.97241878509521    286.826568603516
110.556    -7.03079462051392    288.459014892578
110.657    -6.95304298400879    290.281494140625
110.757    -7.05017042160034    292.218170166016
110.857    -6.91429090499878    293.812713623047
110.957    -6.93366718292236    295.748901367188
111.057    -6.93366718292236    297.3818359375
111.157    -7.01141881942749    299.318023681641
111.258    -6.93366718292236    300.950469970703
111.358    -6.8561635017395    302.962951660156
111.458    -6.97241878509521    304.595397949219
111.558    -6.93366718292236    306.494171142578
111.658    -6.91429090499878    308.278259277344
111.759    -6.93366718292236    310.100708007813
111.859    -6.89491510391235    312.113220214844
111.959    -6.89491510391235    313.821960449219
112.059    -6.89491510391235    315.568115234375
112.159    -6.89491510391235    317.276885986328
112.26    -6.89491510391235    319.175170898438
112.36    -6.91429090499878    320.846008300781
112.46    -6.93366718292236    322.820098876953
112.56    -6.91429090499878    324.415130615234
112.66    -6.91429090499878    326.351318359375
112.761    -6.8561635017395    328.097961425781
112.861    -6.8561635017395    329.882537841797
112.961    -6.8561635017395    331.818725585938
113.061    -6.8561635017395    333.527465820313
113.161    -6.83678770065308    335.425750732422
113.262    -6.83678770065308    337.210296630859
113.362    -6.8561635017395    338.956481933594
113.462    -6.83678770065308    340.741027832031
113.562    -6.89491510391235    342.563507080078
113.662    -6.81716346740723    344.424377441406
113.762    -6.83678770065308    346.0947265625
113.863    -6.75903558731079    347.955108642578
113.963    -6.89491510391235    349.815490722656
114.063    -6.81716346740723    351.827972412109
114.163    -6.75903558731079    353.3466796875
114.263    -6.75903558731079    355.32080078125
114.364    -6.7977876663208    356.877899169922
114.464    -6.72028398513794    358.814086914063
114.564    -6.7977876663208    360.674468994141
114.664    -6.70090818405151    362.421142578125
114.764    -6.70090818405151    364.243591308594
114.865    -6.66190814971924    365.951873779297
114.965    -6.70090818405151    367.888549804688
115.065    -6.54565286636353    369.710998535156
115.165    -6.54565286636353    371.419281005859
115.265    -6.46790075302124    373.241729736328
115.366    -6.42914915084839    374.988403320313
115.466    -6.39039754867554    376.697143554688
115.566    -6.33202123641968    378.785430908203
115.666    -6.31264543533325    380.645812988281
115.766    -6.19614219665527    382.240356445313
115.867    -6.11863851547241    384.100738525391
115.967    -6.04088640213013    385.809478759766
116.067    -5.98275899887085    387.707763671875
116.167    -5.96338319778442    389.530242919922
116.267    -5.92463159561157    391.314788818359
116.367    -5.86625528335571    392.985137939453
116.468    -5.73037576675415    394.921813964844
116.568    -5.65287256240845    396.706390380859
116.668    -5.57512044906616    398.604675292969
116.768    -5.55574464797974    400.313415527344
116.868    -5.49761724472046    402.097503662109
116.969    -5.45886516571045    403.996276855469
117.069    -5.43948936462402    405.628723144531
117.169    -5.32298612594604    407.603302001953
117.269    -5.28423404693604    409.273651123047
117.369    -5.14835453033447    411.058197021484
117.47    -5.1677303314209    412.880676269531
117.57    -5.05122709274292    414.627349853516
117.67    -5.07060289382935    416.487701416016
117.77    -5.05122709274292    418.310180664063
117.87    -4.97372341156006    420.322174072266
117.97    -4.91534757614136    421.955108642578
118.071    -4.93472337722778    423.815490722656
118.171    -4.8378438949585    425.447937011719
118.271    -4.77946805953979    427.232513427734
118.371    -4.74071645736694    428.941253662109
118.471    -4.70196437835693    430.87744140625
118.572    -4.68258857727051    432.775726318359
118.672    -4.54670906066895    434.560272216797
118.772    -4.5854606628418    436.572784423828
118.872    -4.54670906066895    438.167327880859
118.972    -4.48833322525024    440.10400390625
119.072    -4.46895742416382    441.508514404297
119.173    -4.44958162307739    443.748931884766
119.273    -4.43020534515381    445.229736328125
119.373    -4.43020534515381    447.090118408203
119.473    -4.43020534515381    448.950500488281
119.573    -4.33307790756226    450.886688232422
119.674    -4.27495002746582    452.633331298828
119.774    -4.27495002746582    454.265777587891
119.874    -4.27495002746582    456.316192626953
119.974    -4.23619842529297    457.987030029297
120.073    -4.17782258987427    459.809509277344
120.173    -4.15844678878784    461.517761230469
120.274    -4.06156730651855    463.454437255859
120.374    -4.11969470977783    465.314819335938
120.474    -4.08094310760498    466.719329833984
120.574    -4.02256727218628    468.579711914063
120.674    -3.98381543159485    470.440582275391
120.775    -3.96443939208984    472.490478515625
120.875    -3.94506359100342    474.19921875
120.975    -3.90631198883057    476.059600830078
121.075    -3.84793591499329    477.806274414063
121.175    -3.84793591499329    479.514526367188
121.275    -3.84793591499329    481.185363769531
121.376    -3.78980827331543    483.197845458984
121.476    -3.78980827331543    485.020324707031
121.576    -3.78980827331543    486.766479492188
121.676    -3.6926805973053    488.81689453125
121.776    -3.63455295562744    490.37353515625
121.877    -3.59580111503601    492.271789550781
121.977    -3.63455295562744    493.980560302734
122.077    -3.5180492401123    495.727203369141
122.177    -3.59580111503601    497.549682617188
122.277    -3.47929763793945    499.447967529297
122.377    -3.44054579734802    501.346252441406
122.478    -3.49867343902588    502.827056884766
122.578    -3.44054579734802    504.953277587891
122.678    -3.4211699962616    506.624114990234
122.778    -3.36279392242432    508.332366943359
122.878    -3.40154576301575    510.269073486328
122.979    -3.36279392242432    511.977325439453
123.079    -3.26591467857361    513.723999023438
123.179    -3.24629044532776    515.622253417969
123.279    -3.1687867641449    517.444763183594
123.379    -3.13003516197205    519.153503417969
123.48    -3.1881628036499    521.241821289063
123.58    -3.13003516197205    522.798461914063
123.68    -3.09103488922119    524.848815917969
123.78    -3.11065936088562    526.367553710938
123.88    -3.07165908813477    528.341674804688
123.98    -2.95540404319763    530.088317871094
124.081    -2.97477984428406    531.797058105469
124.181    -2.95540404319763    533.429504394531
124.281    -2.95540404319763    535.517822265625
124.381    -2.9357795715332    537.378173828125
124.481    -2.85827612876892    539.0869140625
124.582    -2.85827612876892    540.947326660156
124.682    -2.76114845275879    542.731872558594
124.782    -2.70302081108093    544.592224121094
124.882    -2.74177265167236    546.224670410156
124.982    -2.72239661216736    548.085083007813
125.082    -2.70302081108093    549.793823242188
125.183    -2.58651733398438    551.806335449219
125.283    -2.54776549339294    553.628784179688
125.383    -2.54776549339294    555.185424804688
125.483    -2.50901365280151    557.349548339844
125.583    -2.37313437461853    558.792419433594
125.684    -2.37313437461853    560.728637695313
125.784    -2.3343825340271    562.398986816406
125.884    -2.31475830078125    564.4873046875
125.984    -2.25663065910339    566.082336425781
126.084    -2.17912721633911    567.828491210938
126.185    -2.06262350082397    569.613037109375
126.285    -2.06262350082397    571.587646484375
126.385    -1.98487174510956    573.333801269531
126.485    -1.90736818313599    575.004638671875
126.585    -1.848992228508    576.902893066406
126.685    -1.77148878574371    578.611694335938
126.786    -1.73273706436157    580.5478515625
126.886    -1.67436099052429    582.142395019531
126.986    -1.59685754776001    584.0791015625
127.086    -1.49972975254059    585.901550292969
127.186    -1.42222630977631    587.609802246094
127.287    -1.26697099208832    589.736022949219
127.387    -1.20859491825104    591.368957519531
127.487    -1.05333960056305    593.229309082031
127.587    -1.05333960056305    595.089721679688
127.687    -0.956460297107697    596.760559082031
127.788    -0.839956641197205    598.468811035156
127.888    -0.704077184200287    600.481323242188
127.988    -0.62657368183136    601.847900390625
128.088    -0.62657368183136    603.97412109375
128.188    -0.432318210601807    605.758666992188
128.288    -0.335438877344131    607.429504394531
128.389    -0.335438877344131    609.403625488281
128.489    -0.218935266137123    611.22607421875
128.589    -0.121807523071766    613.010620117188
128.689    0.0140719562768936    614.529357910156
128.789    0.110951296985149    616.655578613281
128.89    0.246830776333809    618.250122070313
128.99    0.324582666158676    620.072570800781
129.09    0.421461999416351    621.933471679688
129.19    0.518589735031128    623.528015136719
129.29    0.712596833705902    625.767944335938
129.391    0.829100430011749    627.438781738281
129.491    0.887228012084961    629.26123046875
129.591    1.06185925006866    630.893676757813
129.691    1.13961112499237    632.7919921875
129.791    1.21711456775665    634.386962890625
129.892    1.41137003898621    636.361083984375
129.992    1.45012187957764    638.06982421875
130.092    1.56662547588348    639.815979003906
130.192    1.78000843524933    641.714782714844
130.292    1.87713611125946    643.499328613281
130.392    1.93526375293732    645.397644042969
130.493    2.07114315032959    647.144287109375
130.593    2.14864659309387    649.080444335938
130.693    2.28452610969543    650.674987792969
130.793    2.420405626297    652.497497558594
130.893    2.57566094398499    654.434143066406
130.994    2.63378858566284    656.142395019531
131.094    2.80866813659668    658.230712890625
131.194    2.96392345428467    659.787353515625
131.294    3.06080293655396    661.647705078125
131.394    3.21605825424194    663.3564453125
131.494    3.29381012916565    665.216857910156
131.595    3.41006541252136    666.849304199219
131.695    3.54594492912292    668.899719238281
131.795    3.72057604789734    670.494262695313
131.895    3.8564555644989    672.355102539063
131.995    3.95358324050903    674.063354492188
132.096    4.10883855819702    675.809997558594
132.196    4.26409387588501    677.784118652344
132.296    4.38059759140015    679.417053222656
132.396    4.49685287475586    681.429077148438
132.496    4.6717324256897    683.137817382813
132.596    4.71048402786255    685.112365722656
132.697    4.88511514663696    686.669006347656
132.797    5.09849834442139    688.453552246094
132.897    5.17624998092651    690.276062011719
132.997    5.29275369644165    692.17431640625
133.097    5.42838478088379    694.110534667969
133.198    5.54488849639893    695.743469238281
133.298    5.66139221191406    697.489624023438
133.398    5.89415073394775    699.274169921875
133.498    5.95252704620361    701.210876464844
133.598    5.83602333068848    699.805847167969
133.698    5.60326433181763    697.56591796875
133.797    5.54488849639893    695.59130859375
133.897    5.23437786102295    693.465148925781
133.996    5.11787414550781    691.45263671875
134.096    4.9432430267334    689.364807128906
134.195    4.7492356300354    687.352294921875
134.295    4.6717324256897    685.188171386719
134.394    4.47747707366943    682.909851074219
134.493    4.32222175598145    680.859924316406
134.593    4.18634223937988    678.961181640625
134.692    3.93420743942261    676.53125
134.792    3.74020028114319    674.595031738281
134.891    3.62369680404663    672.620422363281
134.991    3.44906544685364    670.380493164063
135.09    3.27443432807922    668.633850097656
135.19    3.09955453872681    666.241821289063
135.289    2.94429922103882    664.229797363281
135.389    2.80866813659668    662.255187988281
135.488    2.59503674507141    660.243225097656
135.588    2.51753330230713    658.002807617188
135.687    2.36227798461914    655.990783691406
135.787    2.16802263259888    653.864562988281
135.886    2.09051918983459    651.776245117188
135.986    1.87713611125946    649.497924804688
136.085    1.78000843524933    647.599670410156
136.184    1.56662547588348    645.435546875
136.284    1.43074595928192    643.347229003906
136.383    1.27549064159393    641.107299804688
136.483    1.12023520469666    639.018981933594
136.582    0.964979887008667    636.968566894531
136.682    0.829100430011749    635.0703125
136.781    0.635093331336975    632.754089355469
136.881    0.537965595722198    630.742065429688
136.98    0.382710248231888    628.653747558594
137.08    0.246830776333809    626.717102050781
137.179    0.0915754288434982    624.705078125
137.279    -0.0830557867884636    622.540954589844
137.378    -0.16080766916275    620.45263671875
137.478    -0.354814738035202    618.288513183594
137.577    -0.412942349910736    616.238098144531
137.677    -0.645949602127075    614.073974609375
137.776    -0.704077184200287    612.023620605469
137.876    -0.801204919815063    610.011108398438
137.975    -0.975836157798767    607.884887695313
138.075    -1.09233975410461    605.758666992188
138.174    -1.22797083854675    603.784606933594
138.274    -1.38322615623474    601.6962890625
138.373    -1.53848147392273    599.532165527344
138.473    -1.69373691082001    597.329650878906
138.572    -1.79086458683014    595.355529785156
138.672    -1.94612002372742    593.229309082031
138.771    -2.00424766540527    591.216857910156
138.871    -2.17912721633911    589.052734375
138.97    -2.23725485801697    587.116516113281
139.069    -2.41188597679138    584.876098632813
139.169    -2.48963785171509    582.864074707031
139.268    -2.62526893615723    580.9658203125
139.368    -2.68364500999451    578.6875
139.467    -2.89702796936035    576.599182128906
139.567    -2.97477984428406    574.510864257813
139.666    -3.1687867641449    572.498840332031
139.766    -3.22691440582275    570.334716796875
139.865    -3.34341812133789    568.360168457031
139.965    -3.44054579734802    566.120239257813
140.064    -3.57642531394958    564.145629882813
140.164    -3.63455295562744    561.981506347656
140.263    -3.78980827331543    560.007446289063
140.363    -3.94506359100342    557.766967773438
140.462    -4.0031909942627    555.716613769531
140.562    -4.13907051086426    553.590393066406
140.661    -4.21682262420654    551.578369140625
140.76    -4.31370210647583    549.4521484375
140.86    -4.44958162307739    547.363830566406
140.959    -4.48833322525024    545.19970703125
141.059    -4.52733325958252    543.149353027344
141.158    -4.68258857727051    540.871520996094
141.258    -4.77946805953979    539.0869140625
141.357    -4.91534757614136    536.846496582031
141.457    -4.97372341156006    534.606567382813
141.556    -5.07060289382935    532.935729980469
141.656    -5.12897872924805    530.582092285156
141.755    -5.22585821151733    528.645385742188
141.855    -5.34236192703247    526.519165039063
141.954    -5.41986513137817    524.5830078125
142.054    -5.51699304580688    522.228820800781
142.153    -5.57512044906616    520.33056640625
142.252    -5.59474468231201    518.090148925781
142.352    -5.76937627792358    516.040222167969
142.451    -5.86625528335571    513.914001464844
142.551    -5.92463159561157    511.787811279297
142.65    -5.944007396698    509.775299072266
142.75    -6.06051111221313    507.801177978516
142.849    -6.15739011764526    505.712890625
142.949    -6.11863851547241    503.624572753906
143.048    -6.2738938331604    501.46044921875
143.148    -6.31264543533325    499.410064697266
143.247    -6.37102174758911    497.2080078125
143.347    -6.44852495193481    495.233428955078
143.446    -6.5262770652771    493.183044433594
143.546    -6.62315607070923    491.09521484375
143.645    -6.70090818405151    489.082733154297
143.745    -6.73965978622437    486.842803955078
143.844    -6.7977876663208    484.754486083984
143.944    -6.7977876663208    482.666168212891
144.043    -6.8561635017395    480.653686523438
144.143    -6.91429090499878    478.565368652344
144.242    -6.95304298400879    476.629180908203
144.342    -7.05017042160034    474.389251708984
144.441    -7.10829830169678    472.300933837891
144.541    -7.10829830169678    470.174743652344
144.64    -7.22480201721191    468.162231445313
144.74    -7.22480201721191    465.960205078125
144.839    -7.32192945480347    464.099822998047
144.939    -7.3800573348999    461.859405517578
145.038    -7.47718477249146    459.923217773438
145.138    -7.49656057357788    457.493255615234
145.237    -7.55468845367432    455.632873535156
145.337    -7.53531265258789    453.544586181641
145.436    -7.55468845367432    451.418365478516
145.535    -7.63244009017944    449.292144775391
145.635    -7.7099437713623    447.203857421875
145.734    -7.7099437713623    445.229736328125
145.834    -7.76831960678101    443.141448974609
145.933    -7.80707168579102    441.281066894531
146.033    -7.86519908905029    439.002746582031
146.132    -7.86519908905029    436.838623046875
146.232    -7.962327003479    434.598693847656
146.331    -7.962327003479    432.624084472656
146.431    -8.00107860565186    430.497894287109
146.53    -8.07883071899414    428.561676025391
146.63    -8.05920600891113    426.359161376953
146.729    -8.13695812225342    424.422973632813
146.829    -8.21446132659912    422.334686279297
146.928    -8.29221343994141    420.246368408203
147.028    -8.38934135437012    418.006439208984
147.127    -8.46684455871582    415.993957519531
147.227    -8.54459667205811    413.829833984375
147.326    -8.58334827423096    411.741516113281
147.426    -8.62209987640381    409.653198242188
147.525    -8.71922779083252    407.679107666016
147.625    -8.7773551940918    405.438690185547
147.724    -8.73860359191895    403.464599609375
147.823    -8.85510730743408    401.452087402344
147.923    -8.85510730743408    399.440093994141
148.022    -8.95198631286621    397.275970458984
148.122    -8.95198631286621    395.263488769531
148.221    -9.0297384262085    393.365203857422
148.321    -8.99073791503906    391.048950195313
148.42    -9.06849002838135    389.074859619141
148.52    -9.18499374389648    386.910247802734
148.619    -9.24312114715576    384.822448730469
148.719    -9.32087326049805    382.734130859375
148.818    -9.37900066375732    380.759552001953
148.918    -9.37900066375732    378.481689453125
149.017    -9.47612857818604    376.469207763672
149.117    -9.55363178253174    374.191375732422
149.216    -9.53425598144531    372.292602539063
149.316    -9.59238338470459    370.166381835938
149.415    -9.65075969696045    368.040161132813
149.515    -9.70888710021973    365.951873779297
149.614    -9.767014503479    363.939849853516
149.713    -9.86414241790771    361.8515625
149.813    -9.98064613342285    359.915344238281
149.912    -10.0775260925293    357.561218261719
150.012    -10.097149848938    355.548736572266
150.111    -10.1746530532837    353.726257324219
150.211    -10.2327814102173    351.600036621094
150.31    -10.2717809677124    349.549652099609
150.41    -10.3880367279053    347.23388671875
150.509    -10.4270362854004    345.449340820313
150.609    -10.5822916030884    343.208892822266
150.708    -10.6404190063477    341.158996582031
150.808    -10.6791715621948    338.918579101563
150.907    -10.79567527771    336.944488525391
151.007    -10.9121780395508    334.628234863281
151.106    -10.9121780395508    332.843688964844
151.206    -11.0090579986572    330.565826416016
151.305    -11.1061859130859    328.667541503906
151.405    -11.2226886749268    326.351318359375
151.504    -11.1839370727539    324.415130615234
151.604    -11.2808170318604    322.174713134766
151.703    -11.3779439926147    320.314331054688
151.803    -11.4944477081299    318.074401855469
151.902    -11.6107034683228    316.099792480469
152.001    -11.6107034683228    313.821960449219
152.101    -11.6690788269043    311.809478759766
152.2    -11.7659587860107    309.796966552734
152.3    -11.8049583435059    307.784973144531
152.399    -11.8243350982666    305.848297119141
152.499    -12.0570936203003    303.608367919922
152.598    -12.0958452224731    301.595855712891
152.698    -12.1154699325562    299.508056640625
152.797    -12.1154699325562    297.495544433594
152.897    -12.2123489379883    295.141418457031
152.996    -12.2511005401611    293.12939453125
153.096    -12.4063558578491    291.079010009766
153.195    -12.3676042556763    289.066497802734
153.295    -12.4453563690186    286.902404785156
153.394    -12.4453563690186    284.889892578125
153.493    -12.4453563690186    282.725769042969
153.593    -12.5034837722778    280.789581298828
153.692    -12.619987487793    278.511260986328
153.792    -12.6974906921387    276.461334228516
153.891    -12.7168664932251    274.448852539063
153.991    -12.7168664932251    272.284729003906
154.09    -12.6781148910522    270.082702636719
154.19    -12.7364912033081    268.298156738281
154.289    -12.7168664932251    266.019805908203
154.389    -12.7364912033081    264.083618164063
154.488    -12.7364912033081    262.147430419922
154.588    -12.7168664932251    259.869110107422
154.687    -12.7168664932251    257.818695068359
154.787    -12.6006116867065    255.465042114258
154.886    -12.5812358856201    253.64208984375
154.986    -12.464732170105    251.477966308594
155.085    -12.4841079711914    249.579681396484
155.185    -12.4259805679321    247.225540161133
155.284    -12.4453563690186    245.365158081055
155.384    -12.3869800567627    243.353164672852
155.483    -12.3288526535034    241.112731933594
155.583    -12.2901010513306    238.872802734375
155.682    -12.2707252502441    236.898223876953
155.782    -12.3288526535034    234.848297119141
155.881    -12.2123489379883    232.797897338867
155.98    -12.2901010513306    230.519577026367
156.08    -12.2317247390747    228.431274414063
156.179    -12.1735973358154    226.381362915039
156.279    -12.1348457336426    224.330963134766
156.378    -12.1735973358154    222.242645263672
156.478    -12.1735973358154    220.344360351563
156.577    -12.0958452224731    218.142333984375
156.677    -12.1348457336426    215.901916503906
156.776    -11.9795904159546    214.079452514648
156.876    -12.0183420181274    211.877426147461
156.975    -11.9602136611938    209.941223144531
157.075    -11.9212141036987    207.815017700195
157.174    -11.8630867004395    205.840423583984
157.274    -11.7659587860107    203.638397216797
157.373    -11.7272071838379    201.512191772461
157.473    -11.6497030258179    199.271759033203
157.572    -11.7078313827515    197.373474121094
157.672    -11.7078313827515    195.171447753906
157.771    -11.7078313827515    193.158966064453
157.871    -11.6497030258179    191.070648193359
157.97    -11.5913276672363    189.058654785156
158.07    -11.5525760650635    186.818222045898
158.169    -11.5332002639771    185.034149169922
158.268    -11.4360723495483    182.642105102539
158.368    -11.3585681915283    180.781723022461
158.467    -11.2808170318604    178.731323242188
158.567    -11.2226886749268    176.529296875
158.666    -11.1643133163452    174.403076171875
158.766    -11.1643133163452    172.428497314453
158.865    -11.0868091583252    170.416000366211
158.965    -11.0090579986572    168.062347412109
159.064    -11.0090579986572    166.20149230957
159.164    -10.8344268798828    164.075271606445
159.263    -10.6985473632813    162.025360107422
159.363    -10.6016674041748    159.937057495117
159.462    -10.4270362854004    157.772933959961
159.562    -10.3492841720581    155.608810424805
159.661    -10.252405166626    153.634231567383
159.761    -10.2327814102173    151.394287109375
159.86    -10.0775260925293    149.533920288086
159.96    -9.98064613342285    147.293487548828
160.059    -9.80601501464844    145.319396972656
160.159    -9.80601501464844    143.1552734375
160.258    -9.67013549804688    141.218597412109
160.358    -9.61175918579102    139.092376708984
160.457    -9.61175918579102    136.852447509766
160.557    -9.59238338470459    134.764144897461
160.656    -9.59238338470459    132.827941894531
160.755    -9.49550437927246    130.663345336914
160.855    -9.53425598144531    128.613433837891
160.954    -9.45650386810303    126.86678314209
161.054    -9.47612857818604    124.512634277344
161.153    -9.37900066375732    122.386421203613
161.253    -9.39837646484375    120.412322998047
161.352    -9.37900066375732    118.324020385742
161.452    -9.30124855041504    115.894058227539
161.551    -9.22374534606934    114.109497070313
161.651    -9.20436954498291    111.831169128418
161.75    -9.18499374389648    110.122909545898
161.85    -9.16561794281006    107.768760681152
161.949    -9.16561794281006    105.756271362305
162.049    -9.14599323272705    103.554244995117
162.148    -9.08786582946777    101.693870544434
162.248    -9.12661743164063    99.4539337158203
162.347    -9.01036262512207    97.4793472290039
162.447    -9.0297384262085    95.0114822387695
162.546    -9.0297384262085    93.1890106201172
162.646    -9.01036262512207    90.9869842529297
162.745    -8.99073791503906    89.0123977661133
162.845    -8.97136211395264    86.8861846923828
162.944    -8.97136211395264    84.9120864868164
163.044    -8.97136211395264    82.7479629516602
163.143    -8.93261051177979    80.8112869262695
163.242    -8.95198631286621    78.8750991821289
163.342    -8.87448310852051    76.4451370239258
163.441    -8.91323471069336    74.5084609985352
163.541    -8.87448310852051    72.4206390380859
163.64    -8.87448310852051    70.3702392578125
163.74    -8.85510730743408    68.3198471069336
163.839    -8.83548259735107    66.3457489013672
163.939    -8.81610679626465    64.1053237915039
164.038    -8.87448310852051    62.169132232666
164.138    -8.7773551940918    59.9287109375
164.237    -8.87448310852051    57.8408889770508
164.337    -8.81610679626465    55.6383743286133
164.436    -8.81610679626465    53.6642761230469
164.536    -8.81610679626465    51.5001564025879
164.635    -8.81610679626465    49.639778137207
164.735    -8.79673099517822    47.323543548584
164.834    -8.75797939300537    45.4631652832031
164.934    -8.83548259735107    43.1090240478516
165.033    -8.81610679626465    41.324462890625
165.133    -8.75797939300537    39.0466194152832
165.232    -8.75797939300537    37.1099395751953
165.332    -8.75797939300537    35.0216331481934
165.431    -8.73860359191895    32.8575134277344
165.53    -8.83548259735107    30.8075981140137
165.63    -8.75797939300537    28.5292682647705
165.729    -8.73860359191895    26.7447071075439
165.829    -8.71922779083252    24.2768421173096
165.928    -8.68022727966309    22.3785572052002
166.028    -8.71922779083252    20.2902507781982
166.127    -8.73860359191895    18.2019443511963
166.227    -8.68022727966309    16.1136379241943
166.326    -8.69985198974609    14.0253324508667
166.426    -8.73860359191895    12.051233291626
166.525    -8.69985198974609    10.114556312561
166.625    -8.66085147857666    7.95043563842773
166.724    -8.66085147857666    5.90052223205566
166.824    -8.66085147857666    3.69800782203674
166.923    -8.66085147857666    1.83763158321381
167.023    -8.60272407531738    -0.440211683511734
167.126    -8.62209987640381    -2.71854090690613
167.23    -8.62209987640381    -4.84475469589233
167.333    -8.54459667205811    -6.89515399932861
167.437    -8.64147567749023    -9.13508987426758
167.54    -8.64147567749023    -11.3371181488037
167.644    -8.58334827423096    -13.4254245758057
167.747    -8.62209987640381    -15.665846824646
167.851    -8.54459667205811    -17.6778526306152
167.954    -8.64147567749023    -20.0319957733154
168.058    -8.54459667205811    -22.3098392486572
168.161    -8.58334827423096    -24.6260757446289
168.265    -8.58334827423096    -26.5243587493896
168.368    -8.60272407531738    -28.4231300354004
168.472    -8.5249719619751    -30.8909950256348
168.575    -8.60272407531738    -33.0930213928223
168.679    -8.50559616088867    -35.1055145263672
168.782    -8.54459667205811    -37.4212646484375
168.886    -8.44746875762939    -39.3579406738281
168.989    -8.54459667205811    -41.5978775024414
169.093    -8.5249719619751    -43.7619972229004
169.196    -8.50559616088867    -46.0403289794922
169.3    -8.44746875762939    -47.8627967834473
169.403    -8.50559616088867    -50.1785469055176
169.507    -8.46684455871582    -52.3805770874023
169.61    -8.40871715545654    -54.6589050292969
169.714    -8.44746875762939    -56.8230247497559
169.817    -8.40871715545654    -59.0250549316406
169.921    -8.40871715545654    -61.2275695800781
170.024    -8.50559616088867    -63.4675064086914
170.128    -8.38934135437012    -65.7074432373047
170.231    -8.38934135437012    -67.6820220947266
170.335    -8.40871715545654    -69.7703323364258
170.438    -8.33096504211426    -71.8965454101563
170.541    -8.38934135437012    -73.9848556518555
170.645    -8.29221343994141    -76.2626953125
170.748    -8.36971664428711    -78.3889083862305
170.852    -8.35034084320068    -80.6288452148438
170.955    -8.35034084320068    -82.9450836181641
171.059    -8.31158924102783    -85.2613143920898
171.162    -8.33096504211426    -87.1595993041992
171.266    -8.33096504211426    -89.1720962524414
171.369    -8.29221343994141    -91.4120330810547
171.473    -8.33096504211426    -93.3482208251953
171.576    -8.27283763885498    -95.6644592285156
171.68    -8.27283763885498    -97.9422988891602
171.783    -8.27283763885498    -99.9926986694336
171.887    -8.25346183776855    -102.233123779297
171.99    -8.27283763885498    -104.586776733398
172.094    -8.29221343994141    -106.751388549805
172.197    -8.27283763885498    -108.839202880859
172.301    -8.29221343994141    -110.775886535645
172.404    -8.25346183776855    -113.015815734863
172.508    -8.25346183776855    -115.028312683105
172.611    -8.29221343994141    -117.230339050293
172.715    -8.25346183776855    -119.660301208496
172.818    -8.25346183776855    -121.824417114258
172.922    -8.27283763885498    -124.02645111084
173.025    -8.21446132659912    -126.266868591309
173.128    -8.21446132659912    -128.355178833008
173.232    -8.25346183776855    -130.481399536133
173.335    -8.25346183776855    -132.341781616211
173.439    -8.1950855255127    -134.771728515625
173.542    -8.17570972442627    -136.860046386719
173.646    -8.23408603668213    -138.909957885742
173.749    -8.21446132659912    -141.264099121094
173.853    -8.21446132659912    -143.42822265625
173.956    -8.21446132659912    -145.668640136719
174.06    -8.21446132659912    -147.946487426758
174.163    -8.23408603668213    -149.92106628418
174.267    -8.1950855255127    -152.23681640625
174.37    -8.1950855255127    -154.211395263672
174.474    -8.23408603668213    -156.375518798828
174.577    -8.21446132659912    -158.577545166016
174.681    -8.17570972442627    -160.590042114258
174.784    -8.1950855255127    -163.095809936523
174.888    -8.17570972442627    -165.184127807617
174.991    -8.1950855255127    -167.120315551758
175.095    -8.1950855255127    -169.550277709961
175.198    -8.21446132659912    -171.562759399414
175.302    -8.21446132659912    -173.72688293457
175.405    -8.21446132659912    -175.777282714844
175.509    -8.17570972442627    -177.903503417969
175.612    -8.23408603668213    -180.067626953125
175.715    -8.23408603668213    -182.345458984375
175.819    -8.1950855255127    -184.510070800781
175.922    -8.17570972442627    -186.825820922852
176.026    -8.25346183776855    -188.989944458008
176.129    -8.25346183776855    -191.078247070313
176.233    -8.17570972442627    -193.28076171875
176.336    -8.21446132659912    -195.558609008789
176.44    -8.21446132659912    -197.49479675293
176.543    -8.27283763885498    -199.81103515625
176.647    -8.27283763885498    -201.823532104492
