sec"   "mA"   "mV
0.153    -7.67119216918945    -21.0569534301758
0.251    -7.63244009017944    -18.1716194152832
0.349    -7.53531265258789    -15.5137310028076
0.446    -7.53531265258789    -12.7800273895264
0.544    -7.49656057357788    -10.3121614456177
0.642    -7.47718477249146    -7.54055070877075
0.739    -7.53531265258789    -4.84475469589233
0.837    -7.49656057357788    -2.22477340698242
0.934    -7.49656057357788    0.736860275268555
1.035    -7.47718477249146    3.31844830513
1.135    -7.49656057357788    6.2042670249939
1.235    -7.3800573348999    8.67213344573975
1.335    -7.45780897140503    11.7095813751221
1.436    -7.43818473815918    14.2153549194336
1.536    -7.49656057357788    17.0248737335205
1.636    -7.43818473815918    19.6827621459961
1.736    -7.43818473815918    22.56809425354
1.836    -7.39943313598633    25.3017978668213
1.937    -7.41880893707275    28.0738945007324
2.037    -7.43818473815918    30.9213199615479
2.137    -7.3800573348999    33.6550254821777
2.237    -7.47718477249146    36.5024528503418
2.337    -7.41880893707275    39.1603393554688
2.438    -7.41880893707275    42.1598815917969
2.538    -7.39943313598633    44.7414703369141
2.638    -7.39943313598633    47.5135650634766
2.738    -7.43818473815918    50.2088775634766
2.838    -7.47718477249146    52.8667640686035
2.939    -7.43818473815918    55.9042129516602
3.039    -7.41880893707275    58.4862861633301
3.139    -7.43818473815918    61.3716201782227
3.239    -7.43818473815918    63.8773918151855
3.339    -7.3800573348999    66.9532318115234
3.44    -7.34130525588989    69.3831939697266
3.54    -7.28292942047119    72.2306213378906
3.64    -7.30255365371704    75.0022277832031
3.74    -7.36068105697632    77.6980285644531
3.84    -7.32192945480347    80.7354736328125
3.941    -7.32192945480347    83.2412490844727
4.041    -7.32192945480347    86.127067565918
4.141    -7.34130525588989    88.5949325561523
4.241    -7.32192945480347    91.5565643310547
4.341    -7.32192945480347    94.2902679443359
4.442    -7.39943313598633    97.0997848510742
4.542    -7.32192945480347    99.7197723388672
4.642    -7.32192945480347    102.49137878418
4.742    -7.32192945480347    105.37671661377
4.842    -7.28292942047119    107.996696472168
4.943    -7.24417781829834    111.034141540527
5.043    -7.28292942047119    113.46410369873
5.143    -7.26355361938477    116.539459228516
5.243    -7.32192945480347    118.969413757324
5.343    -7.26355361938477    122.006866455078
5.444    -7.24417781829834    124.588455200195
5.544    -7.26355361938477    127.474266052246
5.644    -7.24417781829834    130.435897827148
5.744    -7.28292942047119    132.751647949219
5.844    -7.28292942047119    135.751190185547
5.945    -7.24417781829834    138.446990966797
6.045    -7.26355361938477    141.256500244141
6.145    -7.22480201721191    143.914398193359
6.245    -7.1860499382019    146.951843261719
6.345    -7.16667413711548    149.381805419922
6.446    -7.20542573928833    152.115509033203
6.546    -7.16667413711548    155.152954101563
6.646    -7.16667413711548    157.620819091797
6.746    -7.16667413711548    160.582443237305
6.846    -7.16667413711548    163.088226318359
6.947    -7.1276741027832    166.125671386719
7.047    -7.16667413711548    168.707748413086
7.147    -7.14729833602905    171.593078613281
7.247    -7.1276741027832    174.21305847168
7.348    -7.14729833602905    177.136779785156
7.448    -7.1276741027832    179.98420715332
7.548    -7.03079462051392    182.565795898438
7.648    -7.06954622268677    185.37580871582
7.748    -7.06954622268677    188.109512329102
7.849    -7.05017042160034    190.994842529297
7.949    -7.01141881942749    193.576919555664
8.049    -7.03079462051392    196.234313964844
8.149    -7.03079462051392    198.968017578125
8.249    -7.03079462051392    201.85383605957
8.349    -7.01141881942749    204.54963684082
8.45    -6.97241878509521    207.359146118164
8.55    -7.01141881942749    210.130767822266
8.65    -7.03079462051392    212.750747680664
8.75    -7.01141881942749    215.560256958008
8.85    -7.03079462051392    218.218154907227
8.951    -6.95304298400879    221.179779052734
9.051    -6.97241878509521    223.913482666016
9.151    -6.91429090499878    226.685104370117
9.251    -6.97241878509521    229.45671081543
9.351    -6.95304298400879    232.304138183594
9.452    -6.97241878509521    235.113647460938
9.552    -6.95304298400879    237.657821655273
9.652    -6.91429090499878    240.543151855469
9.752    -6.89491510391235    243.201049804688
9.852    -6.91429090499878    245.97265625
9.953    -6.89491510391235    248.66845703125
10.053    -6.91429090499878    251.515869140625
10.153    -6.8561635017395    254.060043334961
10.253    -6.87553930282593    256.945373535156
10.353    -6.8561635017395    259.679077148438
10.454    -6.8561635017395    262.451171875
10.554    -6.81716346740723    265.222778320313
10.654    -6.83678770065308    267.804382324219
10.754    -6.81716346740723    270.917633056641
10.854    -6.81716346740723    273.271789550781
10.955    -6.8561635017395    276.385040283203
11.055    -6.7977876663208    279.042938232422
11.155    -6.8561635017395    281.852447509766
11.255    -6.7977876663208    284.73828125
11.355    -6.81716346740723    287.319854736328
11.456    -6.81716346740723    290.091949462891
11.556    -6.81716346740723    292.597717285156
11.656    -6.7977876663208    295.673095703125
11.756    -6.75903558731079    298.103057861328
11.856    -6.7977876663208    301.21630859375
11.957    -6.75903558731079    303.760467529297
12.057    -6.77841138839722    306.721618652344
12.157    -6.73965978622437    309.569519042969
12.257    -6.70090818405151    312.151123046875
12.357    -6.70090818405151    314.922729492188
12.458    -6.70090818405151    317.580627441406
12.558    -6.64253234863281    320.466430664063
12.658    -6.64253234863281    323.275970458984
12.758    -6.64253234863281    325.857543945313
12.858    -6.64253234863281    328.515441894531
12.959    -6.66190814971924    331.439147949219
13.059    -6.64253234863281    333.944946289063
13.159    -6.64253234863281    336.944488525391
13.259    -6.70090818405151    339.829803466797
13.359    -6.66190814971924    342.221862792969
13.46    -6.58440446853638    345.221405029297
13.56    -6.6037802696228    347.689270019531
13.66    -6.54565286636353    350.612976074219
13.76    -6.5262770652771    353.270874023438
13.86    -6.54565286636353    356.080383300781
13.961    -6.46790075302124    358.927825927734
14.061    -6.44852495193481    361.699432373047
14.161    -6.37102174758911    364.736877441406
14.261    -6.37102174758911    367.243133544922
14.361    -6.29326963424683    369.938934326172
14.462    -6.2738938331604    372.596343994141
14.562    -6.11863851547241    375.482147216797
14.662    -6.06051111221313    378.101654052734
14.762    -6.04088640213013    381.101196289063
14.862    -5.90525531768799    383.607452392578
14.963    -5.75    386.454895019531
15.063    -5.65287256240845    389.568145751953
15.163    -5.65287256240845    392.188110351563
15.263    -5.41986513137817    394.846008300781
15.363    -5.40048933029175    397.427612304688
15.464    -5.28423404693604    400.275024414063
15.564    -5.07060289382935    402.970825195313
15.664    -5.05122709274292    405.856628417969
15.764    -4.95409917831421    408.438232421875
15.864    -4.74071645736694    411.361968994141
15.965    -4.60483694076538    414.209381103516
16.065    -4.52733325958252    416.943084716797
16.165    -4.43020534515381    419.600982666016
16.265    -4.33307790756226    422.334686279297
16.365    -4.23619842529297    425.068389892578
16.465    -4.10031890869141    427.688354492188
16.566    -4.11969470977783    430.611602783203
16.666    -4.0031909942627    433.15576171875
16.766    -3.94506359100342    435.965301513672
16.866    -3.84793591499329    438.774810791016
16.966    -3.84793591499329    441.698547363281
17.067    -3.67330455780029    444.432250976563
17.167    -3.65392875671387    446.975921630859
17.267    -3.59580111503601    449.899658203125
17.367    -3.59580111503601    452.481231689453
17.467    -3.45992159843445    455.329132080078
17.568    -3.44054579734802    457.987030029297
17.668    -3.36279392242432    460.872375488281
17.768    -3.22691440582275    463.530242919922
17.868    -3.24629044532776    466.491882324219
17.968    -3.1881628036499    469.301391601563
18.069    -3.1687867641449    471.807189941406
18.169    -3.13003516197205    474.61669921875
18.269    -3.03290748596191    477.388305664063
18.369    -3.01353144645691    480.046203613281
18.469    -2.91640377044678    482.742004394531
18.569    -2.85827612876892    485.817352294922
18.67    -2.91640377044678    488.095672607422
18.77    -2.80014848709106    491.208953857422
18.87    -2.76114845275879    494.018463134766
18.97    -2.66426920890808    496.448425292969
19.07    -2.64489316940308    499.523773193359
19.171    -2.64489316940308    502.067932128906
19.271    -2.50901365280151    504.953277587891
19.371    -2.50901365280151    507.649078369141
19.471    -2.52838969230652    510.534912109375
19.571    -2.43126177787781    513.040710449219
19.672    -2.31475830078125    516.040222167969
19.772    -2.31475830078125    518.621826171875
19.872    -2.25663065910339    521.507629394531
19.972    -2.25663065910339    524.317138671875
20.072    -2.21787881851196    526.822937011719
20.173    -2.17912721633911    529.8603515625
20.273    -2.12075114250183    532.442443847656
20.373    -2.06262350082397    535.327758789063
20.473    -1.98487174510956    537.834045410156
20.573    -1.94612002372742    540.871520996094
20.673    -1.9267441034317    543.301452636719
20.774    -1.848992228508    546.148864746094
20.874    -1.79086458683014    549.1484375
20.974    -1.77148878574371    551.806335449219
21.074    -1.752112865448    554.501586914063
21.174    -1.69373691082001    557.197387695313
21.275    -1.59685754776001    560.083251953125
21.375    -1.59685754776001    562.551086425781
21.475    -1.40285050868988    565.550659179688
21.575    -1.3444744348526    568.132202148438
21.675    -1.32509851455688    571.093872070313
21.776    -1.22797083854675    573.865478515625
21.876    -1.1698431968689    576.637084960938
21.976    -1.11171567440033    579.332885742188
22.076    -0.995212018489838    582.028686523438
22.176    -0.839956641197205    584.914489746094
22.277    -0.742828905582428    587.533996582031
22.377    -0.645949602127075    590.381896972656
22.477    -0.62657368183136    592.925598144531
22.577    -0.490694224834442    595.88720703125
22.677    -0.393566489219666    598.393005371094
22.777    -0.257687002420425    601.392517089844
22.878    -0.141183391213417    604.012023925781
22.978    -0.0443040542304516    606.822021484375
23.078    0.149703025817871    609.479431152344
23.178    0.304958373308182    612.365234375
23.278    0.421461999416351    615.174743652344
23.379    0.615469098091125    617.681030273438
23.479    0.829100430011749    620.718505859375
23.579    0.84847629070282    623.300048828125
23.679    1.10085940361023    625.920043945313
23.779    1.19773876667023    628.919555664063
23.88    1.39174580574036    631.425354003906
23.98    1.52762532234192    634.386962890625
24.08    1.78000843524933    637.006469726563
24.18    1.89651203155518    639.968139648438
24.28    2.03239154815674    642.511779785156
24.381    2.16802263259888    645.283386230469
24.481    2.420405626297    648.055480957031
24.581    2.51753330230713    650.865051269531
24.681    2.75029230117798    653.82666015625
24.781    2.96392345428467    656.332458496094
24.881    3.21605825424194    659.255676269531
24.982    3.29381012916565    661.799865722656
25.082    3.50719308853149    664.761474609375
25.182    3.68182420730591    667.30517578125
25.282    3.87583136558533    670.076782226563
25.382    4.10883855819702    672.734680175781
25.483    4.30284547805786    675.506286621094
25.583    4.47747707366943    678.315795898438
25.683    4.7492356300354    681.125305175781
25.783    4.86573934555054    683.897399902344
25.883    5.07912254333496    686.554809570313
25.984    5.25375366210938    689.706481933594
26.084    5.54488849639893    691.984313964844
26.184    5.70014381408691    694.945922851563
26.284    5.9137749671936    697.56591796875
26.384    6.14653396606445    700.489135742188
26.484    5.89415073394775    698.515075683594
26.584    5.62264013290405    695.249694824219
26.683    5.40900897979736    692.363891601563
26.783    5.11787414550781    689.212707519531
26.882    4.90449142456055    686.251037597656
26.982    4.65210819244385    683.024047851563
27.081    4.419349193573    680.290344238281
27.181    4.07008695602417    676.872863769531
27.28    3.79832792282104    674.025451660156
27.38    3.64307260513306    670.874267578125
27.479    3.33256196975708    667.874755859375
27.579    3.15793061256409    664.647277832031
27.678    2.90554761886597    661.685607910156
27.778    2.65341281890869    658.534484863281
27.877    2.45915746688843    655.497009277344
27.977    2.14864659309387    652.345825195313
28.076    2.01276731491089    649.497924804688
28.176    1.7412565946579    646.346740722656
28.275    1.52762532234192    643.195617675781
28.375    1.31424236297607    640.119750976563
28.474    1.10085940361023    637.234436035156
28.573    0.829100430011749    634.348571777344
28.673    0.673845112323761    631.007385253906
28.772    0.479838013648987    628.008361816406
28.872    0.208079040050507    624.894592285156
28.971    -0.00555231934413314    622.00927734375
29.071    -0.199559405446053    618.857604980469
29.17    -0.412942349910736    615.896484375
29.27    -0.529445946216583    612.706909179688
29.369    -0.762204766273499    609.783203125
29.469    -0.995212018489838    606.556213378906
29.568    -1.11171567440033    603.784606933594
29.668    -1.36385035514832    600.329162597656
29.767    -1.57748162746429    597.557556152344
29.867    -1.73273706436157    594.292175292969
29.966    -1.94612002372742    591.406860351563
30.066    -2.12075114250183    588.103576660156
30.165    -2.31475830078125    585.294067382813
30.265    -2.54776549339294    582.142395019531
30.364    -2.68364500999451    579.104919433594
30.464    -2.8389003276825    575.877990722656
30.563    -3.01353144645691    572.840515136719
30.663    -3.1687867641449    569.727233886719
30.762    -3.36279392242432    566.727722167969
30.862    -3.5180492401123    563.879821777344
30.961    -3.67330455780029    560.804443359375
31.061    -3.88693594932556    557.881225585938
31.16    -4.0031909942627    554.653747558594
31.26    -4.06156730651855    551.654174804688
31.359    -4.29432582855225    548.654663085938
31.459    -4.46895742416382    545.6171875
31.558    -4.5854606628418    542.162292480469
31.657    -4.70196437835693    539.466491699219
31.757    -4.89597177505493    536.276916503906
31.856    -5.07060289382935    533.315795898438
31.956    -5.22585821151733    530.202026367188
32.055    -5.3617377281189    527.164611816406
32.155    -5.45886516571045    524.089233398438
32.254    -5.61412048339844    521.166015625
32.354    -5.67224836349487    517.862670898438
32.453    -5.76937627792358    515.052673339844
32.553    -5.92463159561157    511.635681152344
32.652    -6.0215106010437    508.939849853516
32.752    -6.07988691329956    505.598663330078
32.851    -6.2738938331604    502.675415039063
32.951    -6.35139751434326    499.827514648438
33.05    -6.44852495193481    496.600524902344
33.15    -6.54565286636353    493.752624511719
33.249    -6.64253234863281    490.297698974609
33.349    -6.7977876663208    487.488189697266
33.448    -6.8561635017395    484.374450683594
33.548    -6.93366718292236    481.375396728516
33.647    -7.01141881942749    478.375854492188
33.747    -7.01141881942749    475.376312255859
33.846    -7.1860499382019    472.073028564453
33.946    -7.28292942047119    469.149291992188
34.045    -7.30255365371704    465.960205078125
34.145    -7.45780897140503    463.074401855469
34.244    -7.53531265258789    459.847412109375
34.344    -7.63244009017944    457.075805664063
34.443    -7.65181589126587    453.696197509766
34.543    -7.72931957244873    450.848785400391
34.642    -7.76831960678101    447.697601318359
34.742    -7.86519908905029    444.735992431641
34.841    -7.962327003479    441.508514404297
34.941    -8.00107860565186    438.623168945313
35.04    -8.05920600891113    435.509918212891
35.14    -8.13695812225342    432.471984863281
35.239    -8.21446132659912    429.396636962891
35.339    -8.31158924102783    426.321258544922
35.438    -8.40871715545654    423.587554931641
35.537    -8.50559616088867    420.284271240234
35.637    -8.62209987640381    417.436859130859
35.736    -8.69985198974609    414.171478271484
35.836    -8.83548259735107    411.248229980469
35.935    -8.85510730743408    408.020751953125
36.035    -8.85510730743408    405.134948730469
36.134    -8.99073791503906    402.097503662109
36.234    -9.08786582946777    398.984222412109
36.333    -9.18499374389648    395.643035888672
36.433    -9.28187274932861    392.833526611328
36.532    -9.41775226593018    389.682342529297
36.632    -9.51488018035889    386.682800292969
36.731    -9.53425598144531    383.531158447266
36.831    -9.63138389587402    380.645812988281
36.93    -9.65075969696045    377.532562255859
37.03    -9.767014503479    374.646728515625
37.129    -9.86414241790771    371.457672119141
37.229    -9.98064613342285    368.496032714844
37.328    -10.0775260925293    365.154846191406
37.428    -10.2327814102173    362.231109619141
37.527    -10.252405166626    359.573211669922
37.627    -10.3880367279053    356.232025146484
37.726    -10.5432920455933    353.3466796875
37.826    -10.6210432052612    350.081329345703
37.925    -10.79567527771    347.23388671875
38.025    -10.8734264373779    344.082244873047
38.124    -11.0286817550659    341.158996582031
38.224    -11.1643133163452    338.045257568359
38.323    -11.2226886749268    334.818267822266
38.423    -11.2808170318604    331.780822753906
38.522    -11.5332002639771    328.894989013672
38.621    -11.6107034683228    325.553802490234
38.721    -11.7272071838379    322.744293212891
38.82    -11.8049583435059    319.441009521484
38.92    -12.0570936203003    316.5556640625
39.019    -12.1735973358154    313.518218994141
39.119    -12.154221534729    310.518676757813
39.218    -12.3676042556763    307.291198730469
39.318    -12.3869800567627    304.329559326172
39.417    -12.5812358856201    301.102569580078
39.517    -12.7558670043945    298.140960693359
39.616    -12.8333702087402    295.027679443359
39.716    -12.9304981231689    292.103973388672
39.815    -13.0857534408569    289.29443359375
39.915    -13.1826324462891    285.953247070313
40.014    -13.1438808441162    283.143737792969
40.114    -13.3378877639771    279.916259765625
40.213    -13.4156398773193    276.840911865234
40.313    -13.5515193939209    273.765563964844
40.412    -13.6290225982666    270.917633056641
40.512    -13.648398399353    267.614837646484
40.611    -13.6290225982666    264.691101074219
40.711    -13.7261505126953    261.691558837891
40.81    -13.7455263137817    258.540405273438
40.91    -13.803653717041    255.540863037109
41.009    -13.8620300292969    252.617126464844
41.108    -13.8426542282104    249.238037109375
41.208    -13.823278427124    246.35221862793
41.307    -13.7649021148682    243.163131713867
41.407    -13.7067747116089    240.277313232422
41.506    -13.648398399353    237.050338745117
41.606    -13.6096467971802    234.08869934082
41.705    -13.5902709960938    230.937530517578
41.805    -13.5515193939209    228.279632568359
41.904    -13.5902709960938    224.976348876953
42.004    -13.5515193939209    221.938903808594
42.103    -13.4737672805786    218.939361572266
42.203    -13.4350156784058    215.826095581055
42.302    -13.4156398773193    212.940277099609
42.402    -13.3185119628906    209.637481689453
42.501    -13.3378877639771    206.903778076172
42.601    -13.2410087585449    203.75212097168
42.7    -13.2410087585449    200.752578735352
42.8    -13.2410087585449    197.525604248047
42.899    -13.1826324462891    194.56396484375
42.999    -13.1438808441162    191.412796020508
43.098    -13.0663776397705    188.489059448242
43.198    -12.9692497253418    185.185775756836
43.297    -12.8721218109131    182.338348388672
43.397    -12.8333702087402    179.072982788086
43.496    -12.775242805481    176.14924621582
43.596    -12.6974906921387    172.998077392578
43.695    -12.619987487793    170.188568115234
43.795    -12.5616111755371    167.036911010742
43.894    -12.5034837722778    164.075271606445
43.994    -12.4063558578491    160.886199951172
44.093    -12.3869800567627    157.810836791992
44.193    -12.2123489379883    154.887115478516
44.292    -12.1154699325562    151.735946655273
44.392    -12.154221534729    148.774307250977
44.491    -12.0377178192139    145.774765014648
44.59    -11.9212141036987    142.813140869141
44.69    -11.7853345870972    139.471939086914
44.789    -11.7078313827515    136.700332641602
44.889    -11.6107034683228    133.511245727539
44.988    -11.4360723495483    130.587524414063
45.088    -11.2420654296875    127.322158813477
45.187    -11.1255617141724    124.436820983887
45.287    -10.9315538406372    121.209350585938
45.386    -10.7569227218628    118.324020385742
45.486    -10.6404190063477    115.058639526367
45.585    -10.5239162445068    112.211212158203
45.685    -10.3492841720581    108.983741760254
45.784    -10.2911567687988    106.32585144043
45.884    -10.2327814102173    102.946754455566
45.983    -10.1552772521973    100.061424255371
46.083    -10.0000219345093    96.7581329345703
46.182    -9.96127033233643    93.796501159668
46.282    -9.78663921356201    90.607421875
46.381    -9.767014503479    87.7974166870117
46.481    -9.67013549804688    84.7599716186523
46.58    -9.65075969696045    81.6088027954102
46.68    -9.65075969696045    78.6471710205078
46.779    -9.59238338470459    75.4959945678711
46.879    -9.55363178253174    72.5343627929688
46.978    -9.45650386810303    69.3448028564453
47.078    -9.53425598144531    66.4973754882813
47.177    -9.47612857818604    63.2319946289063
47.277    -9.45650386810303    60.3087577819824
47.376    -9.41775226593018    57.1191940307617
47.476    -9.39837646484375    54.2717666625977
47.575    -9.37900066375732    51.158504486084
47.675    -9.34024906158447    48.0068473815918
47.774    -9.26249694824219    44.8935852050781
47.874    -9.26249694824219    41.9698600769043
47.973    -9.22374534606934    38.8186874389648
48.072    -9.16561794281006    35.894962310791
48.172    -9.14599323272705    32.705883026123
48.271    -9.08786582946777    29.7063407897949
48.371    -9.12661743164063    26.5167770385742
48.47    -9.12661743164063    23.5177230834961
48.57    -9.08786582946777    20.4802742004395
48.669    -9.06849002838135    17.48073387146
48.769    -9.0297384262085    14.6707286834717
48.868    -9.0297384262085    11.4437437057495
48.968    -8.95198631286621    8.44420337677002
49.067    -8.95198631286621    5.44466209411621
49.167    -9.01036262512207    2.59723663330078
49.266    -8.95198631286621    -0.630234479904175
49.37    -8.91323471069336    -4.00933504104614
49.473    -8.87448310852051    -7.1605052947998
49.577    -8.91323471069336    -10.3121614456177
49.68    -8.87448310852051    -13.1595869064331
49.784    -8.83548259735107    -16.3870582580566
49.887    -8.87448310852051    -19.7661590576172
49.991    -8.85510730743408    -23.0315380096436
50.094    -8.87448310852051    -26.2585220336914
50.198    -8.79673099517822    -29.4101791381836
50.301    -8.79673099517822    -32.447624206543
50.405    -8.75797939300537    -35.7509117126465
50.508    -8.87448310852051    -38.8262672424316
50.612    -8.81610679626465    -41.9395294189453
50.715    -8.79673099517822    -45.0148849487305
50.819    -8.81610679626465    -48.0523338317871
50.922    -8.75797939300537    -51.2418975830078
51.026    -8.75797939300537    -54.6589050292969
51.129    -8.69985198974609    -57.8100738525391
51.233    -8.71922779083252    -61.0375480651855
51.336    -8.68022727966309    -64.1887130737305
51.44    -8.71922779083252    -67.2261657714844
51.543    -8.66085147857666    -70.6052627563477
51.647    -8.73860359191895    -73.7948303222656
51.75    -8.64147567749023    -76.7943725585938
51.854    -8.60272407531738    -79.8318176269531
51.957    -8.64147567749023    -83.2109222412109
52.061    -8.64147567749023    -86.3620910644531
52.164    -8.58334827423096    -89.6274642944336
52.268    -8.62209987640381    -92.7028198242188
52.371    -8.58334827423096    -95.8923873901367
52.475    -8.60272407531738    -99.195671081543
52.578    -8.64147567749023    -102.498954772949
52.682    -8.60272407531738    -105.725944519043
52.785    -8.60272407531738    -108.383834838867
52.889    -8.60272407531738    -111.459190368652
52.992    -8.60272407531738    -114.686660766602
53.095    -8.60272407531738    -117.951553344727
53.199    -8.56397247314453    -121.065299987793
53.302    -8.54459667205811    -124.330192565918
53.406    -8.50559616088867    -127.557670593262
53.509    -8.58334827423096    -130.74723815918
53.613    -8.58334827423096    -134.050033569336
53.716    -8.48622035980225    -137.315414428711
53.82    -8.58334827423096    -140.163330078125
53.923    -8.46684455871582    -143.276580810547
54.027    -8.50559616088867    -146.541961669922
54.13    -8.48622035980225    -149.655227661133
54.234    -8.50559616088867    -153.072235107422
54.337    -8.50559616088867    -156.147598266602
54.441    -8.46684455871582    -159.299255371094
54.544    -8.50559616088867    -162.754165649414
54.648    -8.46684455871582    -165.829513549805
54.751    -8.48622035980225    -168.866973876953
54.855    -8.44746875762939    -171.752792358398
54.958    -8.42809295654297    -175.169799804688
55.062    -8.48622035980225    -178.207244873047
55.165    -8.44746875762939    -181.510528564453
55.269    -8.46684455871582    -184.813812255859
55.372    -8.44746875762939    -187.812866210938
55.476    -8.42809295654297    -191.040344238281
55.579    -8.44746875762939    -194.381530761719
55.683    -8.44746875762939    -197.646911621094
55.786    -8.46684455871582    -200.608551025391
55.941    -8.21446132659912    -197.381072998047
56.039    -8.15633392333984    -194.79948425293
56.137    -8.07883071899414    -192.179504394531
56.234    -8.05920600891113    -189.217864990234
56.332    -8.03983020782471    -186.597885131836
56.429    -8.02045440673828    -184.09211730957
56.527    -8.02045440673828    -181.054672241211
56.625    -7.98170280456543    -178.473083496094
56.722    -8.02045440673828    -175.815185546875
56.82    -7.92357492446899    -173.157302856445
56.917    -7.92357492446899    -170.499420166016
57.015    -7.92357492446899    -167.727798461914
57.113    -7.88457489013672    -165.222030639648
57.21    -7.94295072555542    -162.146667480469
57.308    -7.92357492446899    -159.678802490234
57.405    -7.88457489013672    -157.020919799805
57.503    -7.86519908905029    -154.515151977539
57.601    -7.86519908905029    -151.477691650391
57.698    -7.88457489013672    -148.971923828125
57.796    -7.88457489013672    -146.08610534668
57.893    -7.84582328796387    -143.731964111328
57.991    -7.82644748687744    -140.808715820313
58.089    -7.76831960678101    -138.302459716797
58.186    -7.82644748687744    -135.34130859375
58.284    -7.84582328796387    -132.759246826172
58.381    -7.84582328796387    -130.177658081055
58.479    -7.80707168579102    -127.557670593262
58.577    -7.80707168579102    -124.823959350586
58.674    -7.78769540786743    -122.014442443848
58.772    -7.76831960678101    -119.318649291992
58.869    -7.74869537353516    -116.698661804199
58.967    -7.69056797027588    -113.85124206543
59.065    -7.82644748687744    -111.117538452148
59.162    -7.78769540786743    -108.573852539063
59.26    -7.76831960678101    -106.029685974121
59.357    -7.72931957244873    -103.030143737793
59.455    -7.69056797027588    -100.562278747559
59.553    -7.65181589126587    -97.9806900024414
59.65    -7.69056797027588    -94.943244934082
59.748    -7.63244009017944    -92.3611679077148
59.845    -7.67119216918945    -89.8554000854492
59.943    -7.63244009017944    -87.2354125976563
60.04    -7.65181589126587    -84.3121795654297
60.137    -7.55468845367432    -81.6921920776367
60.235    -7.63244009017944    -79.0722122192383
60.332    -7.63244009017944    -76.3764190673828
60.43    -7.59344005584717    -73.5289916992188
60.528    -7.59344005584717    -70.9090118408203
60.625    -7.55468845367432    -68.2895126342773
60.723    -7.63244009017944    -65.5179061889648
60.82    -7.55468845367432    -62.9737358093262
60.918    -7.57406425476074    -60.0504989624023
61.016    -7.65181589126587    -57.6205368041992
61.113    -7.55468845367432    -54.7726287841797
61.211    -7.59344005584717    -52.0389251708984
61.308    -7.49656057357788    -49.4194297790527
61.406    -7.55468845367432    -46.4957008361816
61.504    -7.51593685150146    -43.8757209777832
61.601    -7.49656057357788    -41.2562255859375
61.699    -7.53531265258789    -38.7120590209961
61.796    -7.55468845367432    -35.788818359375
61.894    -7.49656057357788    -33.3209533691406
61.992    -7.49656057357788    -30.5872497558594
62.089    -7.49656057357788    -28.119384765625
62.187    -7.55468845367432    -25.2335662841797
62.284    -7.49656057357788    -22.689884185791
62.382    -7.57406425476074    -20.0699043273926
62.48    -7.47718477249146    -17.0703620910645
62.577    -7.49656057357788    -14.5266819000244
62.675    -7.49656057357788    -11.7171640396118
62.773    -7.53531265258789    -9.32511234283447
62.87    -7.51593685150146    -6.21136331558228
62.968    -7.51593685150146    -3.62977528572083
63.065    -7.47718477249146    -0.97188663482666
63.163    -7.49656057357788    1.91344630718231
63.263    -7.53531265258789    4.45761299133301
63.363    -7.47718477249146    7.30503845214844
63.464    -7.49656057357788    9.81081199645996
63.564    -7.43818473815918    12.8482599258423
63.664    -7.43818473815918    15.164496421814
63.764    -7.45780897140503    17.936107635498
63.864    -7.45780897140503    20.745626449585
63.965    -7.39943313598633    23.7072601318359
64.065    -7.47718477249146    26.4788703918457
64.165    -7.47718477249146    29.0988521575928
64.265    -7.47718477249146    31.9841861724854
64.365    -7.43818473815918    34.8320960998535
64.466    -7.43818473815918    37.5657997131348
64.566    -7.41880893707275    40.2615966796875
64.666    -7.3800573348999    43.2227439880371
64.766    -7.49656057357788    45.6910972595215
64.866    -7.43818473815918    48.5006141662598
64.967    -7.47718477249146    51.3859481811523
65.067    -7.39943313598633    54.0817451477051
65.167    -7.39943313598633    56.7775421142578
65.267    -7.41880893707275    59.4733352661133
65.367    -7.41880893707275    62.3586692810059
65.468    -7.39943313598633    64.9786529541016
65.568    -7.43818473815918    67.9023742675781
65.668    -7.3800573348999    70.7118988037109
65.768    -7.34130525588989    73.4455947875977
65.868    -7.39943313598633    76.2930221557617
65.968    -7.39943313598633    78.9130020141602
66.069    -7.41880893707275    81.722526550293
66.169    -7.39943313598633    84.3804092407227
66.269    -7.3800573348999    87.1899337768555
66.369    -7.3800573348999    89.6577987670898
66.469    -7.32192945480347    92.5815200805664
66.57    -7.39943313598633    95.2015075683594
66.67    -7.30255365371704    98.201042175293
66.77    -7.39943313598633    100.934745788574
66.87    -7.34130525588989    103.706359863281
66.97    -7.34130525588989    106.591690063477
67.071    -7.32192945480347    109.135856628418
67.171    -7.34130525588989    112.021194458008
67.271    -7.34130525588989    114.679077148438
67.371    -7.28292942047119    117.412780761719
67.471    -7.28292942047119    120.108581542969
67.572    -7.30255365371704    123.069725036621
67.672    -7.32192945480347    125.461776733398
67.772    -7.28292942047119    128.57551574707
67.872    -7.26355361938477    131.309219360352
67.972    -7.24417781829834    133.928726196289
68.073    -7.32192945480347    136.890350341797
68.173    -7.28292942047119    139.510330200195
68.273    -7.26355361938477    142.471481323242
68.373    -7.30255365371704    144.901443481445
68.473    -7.24417781829834    147.825164794922
68.573    -7.32192945480347    150.368850708008
68.674    -7.22480201721191    153.368392944336
68.774    -7.22480201721191    156.139999389648
68.874    -7.16667413711548    158.759979248047
68.974    -7.22480201721191    161.645309448242
69.074    -7.1860499382019    164.151565551758
69.175    -7.22480201721191    167.036911010742
69.275    -7.26355361938477    169.732696533203
69.375    -7.20542573928833    172.656433105469
69.475    -7.1860499382019    175.428039550781
69.575    -7.1276741027832    178.009628295898
69.676    -7.16667413711548    180.781723022461
69.776    -7.16667413711548    183.629150390625
69.876    -7.10829830169678    186.362854003906
69.976    -7.16667413711548    188.944442749023
70.076    -7.08892250061035    191.981887817383
70.177    -7.10829830169678    194.639770507813
70.277    -7.10829830169678    197.411392211914
70.377    -7.1276741027832    200.069274902344
70.477    -7.1276741027832    202.916702270508
70.577    -7.10829830169678    205.422958374023
70.677    -7.03079462051392    208.422500610352
70.778    -7.06954622268677    211.232025146484
70.878    -7.08892250061035    213.73779296875
70.978    -7.01141881942749    216.585220336914
71.078    -7.06954622268677    219.281021118164
71.178    -7.06954622268677    222.128921508789
71.279    -7.03079462051392    224.748428344727
71.379    -7.03079462051392    227.710052490234
71.479    -7.03079462051392    230.215835571289
71.579    -7.01141881942749    233.177459716797
71.679    -7.03079462051392    236.024887084961
71.78    -6.91429090499878    238.834899902344
71.88    -6.89491510391235    241.378570556641
71.98    -6.91429090499878    244.188095092773
72.08    -6.91429090499878    246.998092651367
72.18    -6.95304298400879    249.655502319336
72.28    -6.87553930282593    252.427108764648
72.381    -6.91429090499878    255.199203491211
72.481    -6.89491510391235    258.046630859375
72.581    -6.93366718292236    260.704528808594
72.681    -6.91429090499878    263.514038085938
72.781    -6.8561635017395    266.399871826172
72.882    -6.8561635017395    268.905639648438
72.982    -6.7977876663208    271.790954589844
73.082    -6.83678770065308    274.410949707031
73.182    -6.87553930282593    277.410491943359
73.282    -6.81716346740723    280.068389892578
73.383    -6.87553930282593    282.802093505859
73.483    -6.8561635017395    285.45947265625
73.583    -6.7977876663208    288.1552734375
73.683    -6.75903558731079    291.003204345703
73.783    -6.7977876663208    293.698486328125
73.883    -6.81716346740723    296.508514404297
73.984    -6.83678770065308    299.014282226563
74.084    -6.7977876663208    302.203369140625
74.184    -6.81716346740723    304.823333740234
74.284    -6.75903558731079    307.784973144531
74.384    -6.73965978622437    310.214935302734
74.485    -6.7977876663208    313.214477539063
74.585    -6.73965978622437    315.910278320313
74.685    -6.75903558731079    318.605590820313
74.785    -6.68153238296509    321.377685546875
74.885    -6.70090818405151    324.035064697266
74.986    -6.68153238296509    326.845092773438
75.086    -6.62315607070923    329.464569091797
75.186    -6.64253234863281    332.502014160156
75.286    -6.73965978622437    334.894073486328
75.386    -6.68153238296509    338.00732421875
75.486    -6.66190814971924    340.475189208984
75.587    -6.68153238296509    343.323120117188
75.687    -6.64253234863281    346.170532226563
75.787    -6.58440446853638    348.828430175781
75.887    -6.54565286636353    351.752166748047
75.987    -6.56502866744995    354.295837402344
76.088    -6.50665283203125    357.257476806641
76.188    -6.54565286636353    359.763244628906
76.288    -6.44852495193481    362.800689697266
76.388    -6.44852495193481    365.230651855469
76.488    -6.33202123641968    368.078063964844
76.589    -6.29326963424683    371.001800537109
76.689    -6.17676591873169    373.507568359375
76.789    -6.09926271438599    376.507110595703
76.889    -6.0215106010437    379.127105712891
76.989    -5.98275899887085    382.012420654297
77.089    -5.84687948226929    384.670318603516
77.19    -5.75    387.479827880859
77.29    -5.61412048339844    390.213531494141
77.39    -5.53636884689331    392.871429443359
77.49    -5.38111352920532    395.908874511719
77.59    -5.28423404693604    398.376739501953
77.691    -5.12897872924805    401.33837890625
77.791    -5.07060289382935    404.072082519531
77.891    -4.95409917831421    406.843688964844
77.991    -4.91534757614136    409.463684082031
78.091    -4.76009225845337    412.311096191406
78.191    -4.5854606628418    414.968994140625
78.292    -4.48833322525024    417.892242431641
78.392    -4.43020534515381    420.474304199219
78.492    -4.27495002746582    423.359649658203
78.592    -4.19744682312012    426.093353271484
78.692    -4.08094310760498    428.865447998047
78.793    -4.0031909942627    431.637054443359
78.893    -3.96443939208984    434.370758056641
78.993    -3.84793591499329    437.104461669922
79.093    -3.80918407440186    439.800262451172
79.193    -3.78980827331543    442.571868896484
79.293    -3.63455295562744    445.229736328125
79.394    -3.61517715454102    448.039276123047
79.494    -3.55680108070374    450.848785400391
79.594    -3.53742527961731    453.582489013672
79.694    -3.45992159843445    456.391998291016
79.794    -3.44054579734802    459.087799072266
79.895    -3.40154576301575    462.011535644531
79.995    -3.32404232025146    464.403594970703
80.095    -3.1881628036499    467.441040039063
80.195    -3.20753860473633    470.098419189453
80.295    -3.20753860473633    472.908447265625
80.395    -3.13003516197205    475.755859375
80.496    -3.11065936088562    478.489562988281
80.596    -2.99415564537048    481.1474609375
80.696    -2.99415564537048    483.729034423828
80.796    -2.89702796936035    486.880706787109
80.896    -2.8389003276825    489.386474609375
80.997    -2.8389003276825    492.271789550781
81.097    -2.76114845275879    494.891784667969
81.197    -2.76114845275879    497.587585449219
81.297    -2.62526893615723    500.3212890625
81.397    -2.58651733398438    503.245025634766
81.497    -2.56714129447937    506.016632080078
81.598    -2.47001361846924    508.598205566406
81.698    -2.43126177787781    511.446136474609
81.798    -2.48963785171509    514.141479492188
81.898    -2.37313437461853    516.875183105469
81.998    -2.29538249969482    519.60888671875
82.099    -2.25663065910339    522.494689941406
82.199    -2.29538249969482    525.152587890625
82.299    -2.23725485801697    528.037902832031
82.399    -2.15950298309326    530.657897949219
82.499    -2.10137534141541    533.239501953125
82.6    -2.12075114250183    536.163208007813
82.7    -2.04324769973755    538.934814453125
82.8    -1.94612002372742    541.934387207031
82.9    -1.90736818313599    544.250610351563
83    -1.96549582481384    547.325927734375
83.1    -1.848992228508    549.86962890625
83.201    -1.81024050712585    552.603332519531
83.301    -1.752112865448    555.26123046875
83.401    -1.67436099052429    558.184936523438
83.501    -1.63560926914215    561.032348632813
83.601    -1.59685754776001    563.690246582031
83.702    -1.5191056728363    566.575622558594
83.802    -1.42222630977631    569.157653808594
83.902    -1.38322615623474    572.1572265625
84.002    -1.32509851455688    574.814636230469
84.102    -1.15046739578247    577.4345703125
84.202    -1.09233975410461    580.13037109375
84.303    -1.01458787918091    582.939880371094
84.403    -0.859332501888275    585.673583984375
84.503    -0.820580780506134    588.521057128906
84.603    -0.60694944858551    591.254760742188
84.703    -0.60694944858551    593.874694824219
84.804    -0.393566489219666    596.6083984375
84.904    -0.335438877344131    599.380065917969
85.004    -0.218935266137123    602.227966308594
85.104    -0.102431654930115    604.733703613281
85.204    0.0528236925601959    607.543212890625
85.305    0.149703025817871    610.542785644531
85.405    0.227454900741577    613.086486816406
85.505    0.460213720798492    616.238098144531
85.605    0.57671731710434    618.857604980469
85.705    0.751348555088043    621.59130859375
85.805    0.906603872776031    624.249206542969
85.906    1.06185925006866    627.172912597656
86.006    1.23649048805237    629.754516601563
86.106    1.43074595928192    632.526123046875
86.206    1.56662547588348    635.108215332031
86.306    1.7412565946579    637.955627441406
86.407    1.89651203155518    640.917236328125
86.507    2.09051918983459    643.4609375
86.607    2.26515030860901    646.194641113281
86.707    2.45915746688843    649.080444335938
86.807    2.65341281890869    651.9658203125
86.907    2.78904390335083    654.5478515625
87.008    3.0026752948761    657.395324707031
87.108    3.17730641365051    659.901550292969
87.208    3.35193777084351    662.786865234375
87.308    3.5849449634552    665.710632324219
87.408    3.77895212173462    668.406433105469
87.509    3.99233508110046    671.215942382813
87.609    4.10883855819702    673.987548828125
87.709    4.39997339248657    676.569152832031
87.809    4.51647710800171    679.379150390625
87.909    4.76861190795898    682.188659667969
88.009    4.96261882781982    684.808654785156
88.11    5.13749837875366    687.503967285156
88.21    5.35088157653809    690.389770507813
88.31    5.5255126953125    693.047668457031
88.41    5.7778959274292    695.895080566406
88.51    5.95252704620361    698.628784179688
88.611    6.1077823638916    701.476684570313
88.711    5.93315124511719    699.349975585938
88.81    5.68076801300049    696.160888671875
88.91    5.46738481521606    693.3134765625
89.009    5.15687417984009    689.972290039063
89.109    4.9432430267334    687.124389648438
89.208    4.6717324256897    683.973205566406
89.308    4.38059759140015    681.011596679688
89.407    4.16696643829346    677.67041015625
89.506    3.93420743942261    674.974609375
89.606    3.64307260513306    671.595520019531
89.705    3.37131357192993    668.823852539063
89.805    3.17730641365051    665.520568847656
89.904    2.88617157936096    662.521057128906
90.004    2.71154046058655    659.825256347656
90.103    2.43978142738342    656.370361328125
90.203    2.26515030860901    653.484497070313
90.302    1.99339139461517    650.4091796875
90.402    1.79938423633575    647.371704101563
90.501    1.58600127696991    644.1826171875
90.601    1.41137003898621    641.296813964844
90.7    1.12023520469666    638.06982421875
90.8    0.84847629070282    635.0703125
90.899    0.712596833705902    631.994934082031
90.999    0.518589735031128    629.071228027344
91.098    0.246830776333809    625.84375
91.198    0.0721995607018471    622.882568359375
91.297    -0.16080766916275    619.73095703125
91.397    -0.374190628528595    616.845581054688
91.496    -0.548821806907654    613.542297363281
91.596    -0.742828905582428    610.656494140625
91.695    -0.917460143566132    607.505310058594
91.795    -1.1698431968689    604.467895507813
91.894    -1.32509851455688    601.430419921875
91.994    -1.61623334884644    598.279235839844
92.093    -1.752112865448    595.431335449219
92.193    -1.94612002372742    592.431823730469
92.292    -2.12075114250183    589.394348144531
92.392    -2.31475830078125    586.091064453125
92.491    -2.47001361846924    583.395751953125
92.59    -2.68364500999451    579.940368652344
92.69    -2.8389003276825    577.206665039063
92.789    -3.01353144645691    573.903381347656
92.889    -3.1687867641449    570.90380859375
92.988    -3.4211699962616    567.524719238281
93.088    -3.49867343902588    564.791015625
93.187    -3.63455295562744    561.639892578125
93.287    -3.86731171607971    558.868225097656
93.386    -4.02256727218628    555.489135742188
93.486    -4.13907051086426    552.527526855469
93.585    -4.25557422637939    549.376342773438
93.685    -4.44958162307739    546.490539550781
93.784    -4.68258857727051    543.415161132813
93.884    -4.76009225845337    540.377746582031
93.983    -4.95409917831421    537.188171386719
94.083    -5.01247501373291    534.340759277344
94.182    -5.22585821151733    531.189575195313
94.281    -5.32298612594604    528.075805664063
94.381    -5.43948936462402    525.228393554688
94.48    -5.59474468231201    521.963012695313
94.58    -5.67224836349487    519.19140625
94.679    -5.75    516.040222167969
94.779    -5.96338319778442    512.926452636719
94.878    -5.98275899887085    509.851135253906
94.978    -6.15739011764526    506.813659667969
95.077    -6.2738938331604    503.776214599609
95.177    -6.35139751434326    500.815063476563
95.276    -6.48727703094482    497.549682617188
95.376    -6.56502866744995    494.474304199219
95.475    -6.64253234863281    491.322662353516
95.575    -6.75903558731079    488.588958740234
95.674    -6.81716346740723    485.285675048828
95.774    -6.89491510391235    482.400329589844
95.873    -7.03079462051392    479.210784912109
95.973    -7.10829830169678    476.287536621094
96.072    -7.14729833602905    473.097961425781
96.172    -7.24417781829834    470.212646484375
96.271    -7.36068105697632    467.137298583984
96.371    -7.41880893707275    464.061920166016
96.47    -7.49656057357788    460.948181152344
96.57    -7.59344005584717    457.948638916016
96.669    -7.65181589126587    454.987487792969
96.769    -7.78769540786743    451.722106933594
96.868    -7.76831960678101    448.836303710938
96.968    -7.84582328796387    445.685119628906
97.067    -7.962327003479    442.837707519531
97.167    -7.98170280456543    439.723937988281
97.266    -8.09820652008057    436.648590087891
97.365    -8.11758232116699    433.649047851563
97.465    -8.1950855255127    430.611602783203
97.564    -8.25346183776855    427.346710205078
97.664    -8.38934135437012    424.460906982422
97.763    -8.48622035980225    421.195526123047
97.863    -8.60272407531738    418.310180664063
97.962    -8.66085147857666    415.006896972656
98.062    -8.69985198974609    412.159454345703
98.161    -8.75797939300537    408.932006835938
98.261    -8.87448310852051    406.122467041016
98.36    -8.95198631286621    402.819183349609
98.46    -9.06849002838135    400.009674072266
98.559    -9.18499374389648    396.630096435547
98.659    -9.24312114715576    393.782653808594
98.758    -9.3596248626709    391.011047363281
98.858    -9.45650386810303    387.821502685547
98.957    -9.45650386810303    384.822448730469
99.057    -9.61175918579102    381.670776367188
99.156    -9.65075969696045    378.671234130859
99.256    -9.74763870239258    375.557983398438
99.355    -9.80601501464844    372.634246826172
99.455    -9.96127033233643    369.445159912109
99.554    -10.0581493377686    366.331909179688
99.653    -10.2134056091309    363.256561279297
99.753    -10.2911567687988    360.332824707031
99.852    -10.407660484314    357.105346679688
99.952    -10.407660484314    354.333740234375
100.051    -10.5822916030884    351.144653320313
100.151    -10.6404190063477    348.220947265625
100.25    -10.8538026809692    345.069763183594
100.35    -10.9509305953979    342.070220947266
100.449    -11.1255617141724    338.880676269531
100.549    -11.2226886749268    335.995330810547
100.648    -11.2420654296875    332.843688964844
100.748    -11.3973207473755    329.882537841797
100.847    -11.6497030258179    326.958801269531
100.947    -11.688455581665    323.883453369141
101.046    -11.7659587860107    320.770172119141
101.146    -11.9212141036987    317.580627441406
101.245    -12.1154699325562    314.771087646484
101.345    -12.2123489379883    311.467803955078
101.444    -12.3482284545898    308.620391845703
101.544    -12.4841079711914    305.317108154297
101.643    -12.5812358856201    302.507110595703
101.743    -12.7168664932251    299.280120849609
101.842    -12.7946186065674    296.356384277344
101.942    -12.8721218109131    292.977294921875
102.041    -13.0663776397705    290.205688476563
102.141    -13.2216329574585    286.978210449219
102.24    -13.2216329574585    284.244506835938
102.339    -13.3378877639771    280.9033203125
102.439    -13.4350156784058    277.827941894531
102.538    -13.4737672805786    274.714691162109
102.638    -13.6096467971802    271.715148925781
102.737    -13.5902709960938    268.677703857422
102.837    -13.648398399353    265.640258789063
102.936    -13.668023109436    262.489074707031
103.036    -13.7455263137817    259.451629638672
103.135    -13.8620300292969    256.717926025391
103.235    -13.7842779159546    253.680480957031
103.334    -13.823278427124    250.604644775391
103.434    -13.8426542282104    247.49137878418
103.533    -13.823278427124    244.491836547852
103.633    -13.7067747116089    241.264846801758
103.732    -13.668023109436    238.26530456543
103.832    -13.7067747116089    235.152053833008
103.931    -13.6096467971802    232.15251159668
104.031    -13.6096467971802    229.11506652832
104.13    -13.6096467971802    226.039703369141
104.23    -13.5515193939209    222.92594909668
104.329    -13.493143081665    219.774780273438
104.429    -13.4737672805786    216.699432373047
104.528    -13.4156398773193    213.889907836914
104.628    -13.3768882751465    210.624526977539
104.727    -13.2797603607178    207.852920532227
104.827    -13.2603845596313    204.625442504883
104.926    -13.2410087585449    201.701721191406
105.026    -13.2022571563721    198.39892578125
105.125    -13.1826324462891    195.588912963867
105.225    -13.2216329574585    192.209823608398
105.324    -13.1245050430298    189.286575317383
105.423    -13.0663776397705    186.438674926758
105.523    -12.9111223220825    183.211685180664
105.622    -12.7946186065674    180.477981567383
105.722    -12.7558670043945    177.136779785156
105.821    -12.8139944076538    174.175155639648
105.921    -12.6393632888794    171.137710571289
106.02    -12.5616111755371    168.024444580078
106.12    -12.5422353744507    164.872787475586
106.219    -12.4063558578491    162.025360107422
106.319    -12.3676042556763    158.87370300293
106.418    -12.1929731369019    155.912551879883
106.518    -12.1929731369019    152.609268188477
106.617    -12.154221534729    149.799270629883
106.717    -12.1154699325562    146.648101806641
106.816    -12.0183420181274    143.724365234375
106.916    -11.8049583435059    140.49739074707
107.015    -11.7078313827515    137.422027587891
107.115    -11.6497030258179    134.3466796875
107.214    -11.5525760650635    131.422943115234
107.314    -11.3779439926147    128.119659423828
107.413    -11.2226886749268    125.234336853027
107.513    -11.1643133163452    122.386421203613
107.612    -10.9121780395508    119.121047973633
107.712    -10.6791715621948    116.273620605469
107.811    -10.5432920455933    113.008239746094
107.911    -10.4464120864868    110.236633300781
108.01    -10.3492841720581    106.93334197998
108.11    -10.2717809677124    103.972198486328
108.209    -10.1552772521973    100.706817626953
108.308    -10.0775260925293    97.9352111816406
108.408    -10.0000219345093    94.6319198608398
108.507    -9.94189453125    91.7081985473633
108.607    -9.78663921356201    88.5570220947266
108.706    -9.67013549804688    85.63330078125
108.806    -9.67013549804688    82.6337585449219
108.905    -9.65075969696045    79.6342163085938
109.005    -9.55363178253174    76.4072341918945
109.104    -9.57300758361816    73.4835052490234
109.204    -9.51488018035889    70.2560348510742
109.303    -9.45650386810303    67.2948837280273
109.403    -9.49550437927246    63.839485168457
109.502    -9.45650386810303    61.3337135314941
109.602    -9.49550437927246    58.0304260253906
109.701    -9.37900066375732    55.1830024719238
109.801    -9.39837646484375    52.1834602355957
109.9    -9.34024906158447    49.070198059082
110    -9.3596248626709    46.1464729309082
110.099    -9.26249694824219    42.8810920715332
110.199    -9.24312114715576    39.9199447631836
110.298    -9.22374534606934    36.8441047668457
110.398    -9.24312114715576    33.8450469970703
110.497    -9.12661743164063    30.6175765991211
110.597    -9.12661743164063    27.6938495635986
110.696    -9.06849002838135    24.4289569854736
110.796    -9.14599323272705    21.5431385040283
110.895    -9.0297384262085    18.277759552002
110.994    -8.99073791503906    15.2403116226196
111.094    -9.06849002838135    12.2791633605957
111.193    -9.04911422729492    9.31753063201904
111.293    -8.97136211395264    6.2042670249939
111.392    -8.95198631286621    3.43217039108276
111.492    -8.95198631286621    0.167277976870537
111.591    -8.91323471069336    -2.90807771682739
111.695    -8.85510730743408    -6.05973386764526
111.798    -8.91323471069336    -9.13508987426758
111.902    -8.91323471069336    -12.3246536254883
112.005    -8.87448310852051    -15.7037534713745
112.109    -8.87448310852051    -18.8549251556396
112.212    -8.87448310852051    -21.7023506164551
112.316    -8.81610679626465    -24.9677276611328
112.419    -8.79673099517822    -28.2331066131592
112.523    -8.79673099517822    -31.1947402954102
112.626    -8.73860359191895    -34.3838157653809
112.73    -8.73860359191895    -37.6491928100586
112.833    -8.81610679626465    -40.8766670227051
112.937    -8.75797939300537    -44.1036491394043
113.04    -8.81610679626465    -47.2553062438965
113.144    -8.7773551940918    -50.55810546875
113.247    -8.75797939300537    -53.5197410583496
113.351    -8.69985198974609    -56.7093048095703
113.454    -8.71922779083252    -59.9741973876953
113.558    -8.73860359191895    -63.0500373840332
113.661    -8.75797939300537    -66.2770233154297
113.765    -8.68022727966309    -69.4665832519531
113.868    -8.66085147857666    -72.6177597045898
113.972    -8.60272407531738    -75.8831329345703
114.075    -8.58334827423096    -79.1485137939453
114.179    -8.66085147857666    -82.2238693237305
114.282    -8.64147567749023    -85.1471099853516
114.386    -8.64147567749023    -88.4503936767578
114.489    -8.64147567749023    -91.525749206543
114.593    -8.58334827423096    -94.6774063110352
114.696    -8.64147567749023    -98.056510925293
114.8    -8.58334827423096    -101.359794616699
114.903    -8.60272407531738    -104.47306060791
115.007    -8.64147567749023    -107.662620544434
115.11    -8.60272407531738    -110.737976074219
115.214    -8.58334827423096    -113.813331604004
115.317    -8.58334827423096    -116.926597595215
115.421    -8.58334827423096    -120.077766418457
115.524    -8.58334827423096    -123.381050109863
115.628    -8.54459667205811    -126.418502807617
115.731    -8.58334827423096    -129.721786499023
115.835    -8.58334827423096    -133.025085449219
115.938    -8.56397247314453    -136.176254272461
116.041    -8.54459667205811    -139.365814208984
116.145    -8.5249719619751    -142.479080200195
116.248    -8.5249719619751    -145.70654296875
116.352    -8.56397247314453    -148.591873168945
116.455    -8.48622035980225    -151.743530273438
116.559    -8.48622035980225    -155.008422851563
116.662    -8.54459667205811    -158.235900878906
116.766    -8.50559616088867    -161.42546081543
116.869    -8.50559616088867    -164.614547729492
116.973    -8.40871715545654    -167.765716552734
117.076    -8.48622035980225    -171.145294189453
117.18    -8.46684455871582    -174.296463012695
117.283    -8.48622035980225    -177.447631835938
117.387    -8.44746875762939    -180.295547485352
117.49    -8.44746875762939    -183.560440063477
117.594    -8.50559616088867    -186.78791809082
117.697    -8.5249719619751    -190.015380859375
117.801    -8.48622035980225    -193.242370605469
117.904    -8.46684455871582    -196.394027709961
118.008    -8.5249719619751    -199.507293701172
118.111    -8.50559616088867    -202.772674560547
