sec"   "mA"   "mV
0.156    -8.33096504211426    -19.6903438568115
0.254    -7.962327003479    -15.7416610717773
0.351    -7.82644748687744    -12.2483530044556
0.449    -7.78769540786743    -8.83134460449219
0.547    -7.72931957244873    -5.14849948883057
0.644    -7.57406425476074    -1.19981670379639
0.742    -7.55468845367432    2.44512128829956
0.842    -7.47718477249146    5.78631448745728
0.942    -7.47718477249146    9.7349967956543
1.042    -7.49656057357788    13.5320501327515
1.143    -7.43818473815918    16.9490585327148
1.243    -7.43818473815918    20.897741317749
1.343    -7.3800573348999    24.3905639648438
1.443    -7.41880893707275    28.3776397705078
1.543    -7.3800573348999    31.9841861724854
1.644    -7.3800573348999    36.0849838256836
1.744    -7.41880893707275    39.6541061401367
1.844    -7.32192945480347    43.4506759643555
1.944    -7.36068105697632    47.0956115722656
2.044    -7.28292942047119    50.7026443481445
2.145    -7.39943313598633    54.8792572021484
2.245    -7.36068105697632    58.334171295166
2.345    -7.28292942047119    62.169132232666
2.445    -7.30255365371704    65.7761611938477
2.546    -7.34130525588989    69.4590072631836
2.646    -7.32192945480347    73.2176666259766
2.746    -7.32192945480347    77.0147247314453
2.846    -7.28292942047119    81.0392227172852
2.946    -7.26355361938477    84.3425064086914
3.047    -7.26355361938477    88.3290939331055
3.147    -7.32192945480347    91.7840118408203
3.247    -7.24417781829834    95.7710876464844
3.347    -7.22480201721191    99.4539337158203
3.447    -7.1860499382019    103.28840637207
3.547    -7.26355361938477    106.743804931641
3.648    -7.26355361938477    110.692489624023
3.748    -7.1860499382019    114.564872741699
3.848    -7.14729833602905    118.209808349609
3.948    -7.22480201721191    122.006866455078
4.049    -7.1276741027832    125.461776733398
4.149    -7.1276741027832    129.486755371094
4.249    -7.1276741027832    133.093292236328
4.349    -7.1860499382019    136.776626586914
4.449    -7.16667413711548    140.573196411133
4.549    -7.1276741027832    144.256042480469
4.65    -7.16667413711548    147.938888549805
4.75    -7.08892250061035    151.9638671875
4.85    -7.03079462051392    155.646713256836
4.95    -7.05017042160034    159.139541625977
5.05    -7.03079462051392    162.974502563477
5.151    -7.10829830169678    166.657348632813
5.251    -7.01141881942749    170.606033325195
5.351    -7.03079462051392    174.21305847168
5.451    -7.05017042160034    177.933807373047
5.551    -7.01141881942749    181.5029296875
5.652    -7.01141881942749    185.37580871582
5.752    -6.95304298400879    189.514022827148
5.852    -6.97241878509521    192.893127441406
5.952    -6.93366718292236    196.538055419922
6.052    -6.91429090499878    200.145095825195
6.153    -6.97241878509521    204.131683349609
6.253    -6.89491510391235    207.624984741211
6.353    -6.89491510391235    211.649490356445
6.453    -6.8561635017395    215.028594970703
6.553    -6.83678770065308    219.053573608398
6.654    -6.8561635017395    222.888046264648
6.754    -6.8561635017395    226.41926574707
6.854    -6.89491510391235    230.292129516602
6.954    -6.7977876663208    233.822860717773
7.054    -6.75903558731079    237.771545410156
7.155    -6.7977876663208    241.416488647461
7.255    -6.7977876663208    245.289352416992
7.355    -6.75903558731079    248.820571899414
7.455    -6.77841138839722    252.807159423828
7.555    -6.72028398513794    256.565826416016
7.656    -6.75903558731079    260.059112548828
7.756    -6.68153238296509    264.0078125
7.856    -6.70090818405151    267.4248046875
7.956    -6.75903558731079    271.411407470703
8.056    -6.68153238296509    274.904724121094
8.157    -6.64253234863281    278.891296386719
8.257    -6.68153238296509    282.270416259766
8.357    -6.6037802696228    286.256988525391
8.457    -6.62315607070923    290.129852294922
8.557    -6.56502866744995    293.736907958984
8.658    -6.6037802696228    297.647186279297
8.758    -6.54565286636353    301.140502929688
8.858    -6.54565286636353    304.823333740234
8.958    -6.54565286636353    308.582000732422
9.058    -6.5262770652771    312.379058837891
9.159    -6.48727703094482    315.948181152344
9.259    -6.48727703094482    319.858947753906
9.359    -6.44852495193481    323.503875732422
9.459    -6.48727703094482    327.452575683594
9.559    -6.44852495193481    331.249145507813
9.66    -6.37102174758911    334.969879150391
9.76    -6.37102174758911    338.652740478516
9.86    -6.35139751434326    342.259765625
9.96    -6.29326963424683    346.0947265625
10.06    -6.33202123641968    349.701751708984
10.161    -6.29326963424683    353.460418701172
10.261    -6.29326963424683    357.105346679688
10.361    -6.17676591873169    360.788208007813
10.461    -6.15739011764526    364.775268554688
10.561    -6.07988691329956    368.343902587891
10.662    -6.0215106010437    372.292602539063
10.762    -5.98275899887085    375.747985839844
10.862    -5.78875207901001    379.658782958984
10.962    -5.71099996566772    383.189514160156
11.062    -5.57512044906616    387.024475097656
11.163    -5.43948936462402    390.669403076172
11.263    -5.32298612594604    394.503875732422
11.363    -5.1093544960022    398.528869628906
11.463    -4.95409917831421    402.021667480469
11.563    -4.74071645736694    405.818725585938
11.664    -4.54670906066895    409.311553955078
11.764    -4.37207794189453    413.222320556641
11.864    -4.17782258987427    416.715637207031
11.964    -4.08094310760498    420.740142822266
12.064    -3.86731171607971    424.232971191406
12.165    -3.770432472229    428.143737792969
12.265    -3.59580111503601    432.092407226563
12.365    -3.49867343902588    435.509918212891
12.465    -3.32404232025146    439.420196533203
12.565    -3.14941096305847    442.989318847656
12.666    -2.99415564537048    447.052215576172
12.766    -2.89702796936035    450.431304931641
12.866    -2.76114845275879    454.380004882813
12.966    -2.64489316940308    457.834930419922
13.066    -2.54776549339294    461.821502685547
13.166    -2.48963785171509    465.314819335938
13.267    -2.41188597679138    469.2255859375
13.367    -2.37313437461853    473.212188720703
13.467    -2.31475830078125    476.705017089844
13.567    -2.25663065910339    480.539978027344
13.667    -2.15950298309326    484.032775878906
13.768    -2.10137534141541    487.791931152344
13.868    -2.00424766540527    491.398956298828
13.968    -2.00424766540527    495.423461914063
14.068    -1.94612002372742    498.916290283203
14.168    -1.848992228508    502.561218261719
14.269    -1.752112865448    506.586212158203
14.369    -1.67436099052429    510.306976318359
14.469    -1.63560926914215    514.255676269531
14.569    -1.59685754776001    517.634765625
14.669    -1.53848147392273    521.355529785156
14.77    -1.40285050868988    525.228393554688
14.87    -1.32509851455688    528.911254882813
14.97    -1.30572271347046    532.442443847656
15.07    -1.20859491825104    536.466979980469
15.17    -1.09233975410461    540.377746582031
15.271    -1.07271552085876    543.946838378906
15.371    -0.995212018489838    547.857604980469
15.471    -0.87870842218399    551.274658203125
15.571    -0.781829059123993    555.033264160156
15.671    -0.742828905582428    558.868225097656
15.772    -0.60694944858551    562.51318359375
15.872    -0.548821806907654    566.196044921875
15.972    -0.529445946216583    570.068908691406
16.072    -0.432318210601807    573.561706542969
16.172    -0.335438877344131    577.4345703125
16.273    -0.354814738035202    581.421203613281
16.373    -0.16080766916275    585.028198242188
16.473    -0.121807523071766    588.673156738281
16.573    0.0334478244185448    592.204345703125
16.673    0.110951296985149    596.153076171875
16.774    0.246830776333809    599.797973632813
16.874    0.479838013648987    603.708251953125
16.974    0.57671731710434    607.125793457031
17.074    0.84847629070282    611.302368164063
17.174    0.945604026317596    615.023132324219
17.275    1.12023520469666    618.47802734375
17.375    1.3336181640625    622.31298828125
17.475    1.43074595928192    625.767944335938
17.575    1.66350471973419    629.792419433594
17.675    1.99339139461517    633.285705566406
17.775    2.10989499092102    637.272338867188
17.876    2.32327795028687    640.803527832031
17.976    2.47853326797485    644.638000488281
18.076    2.78904390335083    648.700927734375
18.176    2.92492341995239    652.117919921875
18.276    3.21605825424194    656.066589355469
18.377    3.50719308853149    659.6357421875
18.477    3.72057604789734    663.508117675781
18.577    4.03108692169189    667.039306640625
18.677    4.30284547805786    670.836364746094
18.777    4.49685287475586    674.291259765625
18.878    4.7492356300354    678.277893066406
18.978    5.07912254333496    682.150756835938
19.078    5.25375366210938    685.757751464844
19.178    5.60326433181763    689.668579101563
19.278    5.8553991317749    693.237182617188
19.378    6.1077823638916    696.920043945313
19.479    6.34054088592529    700.489135742188
19.579    6.1077823638916    697.907592773438
19.678    5.71951961517334    693.996765136719
19.778    5.38963317871094    689.89599609375
19.877    5.11787414550781    686.137329101563
19.977    4.72985982894897    681.846984863281
20.076    4.419349193573    678.126220703125
20.176    4.0894627571106    673.759582519531
20.275    3.77895212173462    670.0009765625
20.375    3.48781728744507    665.786437988281
20.474    3.13855481147766    661.91357421875
20.574    2.75029230117798    657.699035644531
20.673    2.47853326797485    653.902465820313
20.773    2.10989499092102    649.763793945313
20.872    1.89651203155518    645.777160644531
20.971    1.68288064002991    642.245971679688
21.071    1.39174580574036    637.841918945313
21.17    1.10085940361023    634.083251953125
21.27    0.790348708629608    629.754516601563
21.369    0.421461999416351    625.805847167969
21.469    0.208079040050507    621.705505371094
21.568    -0.0636799186468124    618.136413574219
21.668    -0.374190628528595    613.808166503906
21.767    -0.62657368183136    609.897399902344
21.867    -0.839956641197205    605.758666992188
21.966    -1.09233975410461    601.772094726563
22.066    -1.38322615623474    597.671752929688
22.165    -1.69373691082001    593.874694824219
22.265    -1.88799238204956    589.698120117188
22.364    -2.15950298309326    585.711547851563
22.464    -2.39251017570496    581.762817382813
22.563    -2.6058931350708    577.889953613281
22.663    -2.87765216827393    573.7138671875
22.762    -3.13003516197205    569.916809082031
22.862    -3.38216972351074    565.664367675781
22.961    -3.63455295562744    561.829895019531
23.061    -3.84793591499329    557.501159667969
23.16    -3.96443939208984    553.970397949219
23.26    -4.11969470977783    549.86962890625
23.359    -4.39145374298096    545.845153808594
23.459    -4.54670906066895    541.934387207031
23.558    -4.8378438949585    537.568237304688
23.658    -4.97372341156006    533.885375976563
23.757    -5.1093544960022    529.632934570313
23.857    -5.26460981369019    525.911682128906
23.956    -5.43948936462402    521.583435058594
24.055    -5.63349676132202    517.976440429688
24.155    -5.80812788009644    513.761901855469
24.254    -5.98275899887085    509.813232421875
24.354    -6.11863851547241    505.598663330078
24.453    -6.2738938331604    501.839996337891
24.553    -6.39039754867554    497.62548828125
24.652    -6.54565286636353    493.866821289063
24.752    -6.66190814971924    489.728118896484
24.851    -6.83678770065308    485.817352294922
24.951    -6.91429090499878    481.717041015625
25.05    -7.05017042160034    477.957885742188
25.15    -7.16667413711548    473.401702880859
25.249    -7.22480201721191    469.718872070313
25.349    -7.47718477249146    465.466430664063
25.448    -7.49656057357788    461.821502685547
25.548    -7.65181589126587    458.100738525391
25.647    -7.76831960678101    453.772521972656
25.747    -7.80707168579102    449.937561035156
25.846    -7.94295072555542    445.723022460938
25.946    -8.05920600891113    441.850158691406
26.045    -8.07883071899414    437.636138916016
26.145    -8.13695812225342    433.876983642578
26.244    -8.36971664428711    429.624542236328
26.344    -8.48622035980225    425.90380859375
26.443    -8.58334827423096    421.765106201172
26.543    -8.66085147857666    417.740600585938
26.642    -8.85510730743408    413.716094970703
26.742    -8.91323471069336    409.767425537109
26.841    -9.01036262512207    405.742431640625
26.941    -9.20436954498291    402.021667480469
27.04    -9.39837646484375    397.655517578125
27.14    -9.41775226593018    393.782653808594
27.239    -9.55363178253174    389.682342529297
27.339    -9.65075969696045    385.847381591797
27.438    -9.6895112991333    381.404937744141
27.538    -9.84476661682129    377.760009765625
27.637    -10.0193977355957    373.697601318359
27.736    -10.0581493377686    369.748901367188
27.836    -10.3299083709717    366.103973388672
27.935    -10.3299083709717    361.699432373047
28.035    -10.5432920455933    357.750762939453
28.134    -10.6404190063477    353.76416015625
28.234    -10.8734264373779    349.967590332031
28.333    -11.1255617141724    345.790985107422
28.433    -11.2420654296875    342.070220947266
28.532    -11.3391923904419    337.779907226563
28.632    -11.6690788269043    333.982849121094
28.731    -11.7659587860107    329.844146728516
28.831    -11.8243350982666    325.857543945313
28.93    -12.0958452224731    321.719329833984
29.03    -12.2707252502441    317.808563232422
29.129    -12.3482284545898    313.821960449219
29.229    -12.6006116867065    310.02490234375
29.328    -12.7558670043945    305.696655273438
29.428    -12.9111223220825    301.975921630859
29.527    -13.1826324462891    297.647186279297
29.627    -13.2797603607178    294.040649414063
29.726    -13.4543914794922    289.560272216797
29.826    -13.5708951950073    285.953247070313
29.925    -13.7261505126953    281.625
30.025    -13.8620300292969    277.827941894531
30.124    -14.0754127502441    274.069305419922
30.224    -14.2306680679321    269.854766845703
30.323    -14.3471717834473    266.019805908203
30.423    -14.3471717834473    261.767395019531
30.522    -14.5411787033081    258.084533691406
30.622    -14.599555015564    253.718383789063
30.721    -14.6770582199097    249.845520019531
30.821    -14.7158098220825    245.706817626953
30.92    -14.7158098220825    241.910247802734
31.019    -14.754810333252    237.657821655273
31.119    -14.7158098220825    233.898681640625
31.218    -14.6964340209961    229.798370361328
31.318    -14.6189308166504    225.925491333008
31.417    -14.579930305481    221.748886108398
31.517    -14.5411787033081    217.876495361328
31.616    -14.424674987793    213.775695800781
31.716    -14.424674987793    209.751205444336
31.815    -14.3859233856201    205.764617919922
31.915    -14.3859233856201    201.85383605957
32.014    -14.289044380188    197.753036499023
32.114    -14.269419670105    193.804351806641
32.213    -14.289044380188    189.590316772461
32.313    -14.1337890625    185.983291625977
32.412    -14.0366611480713    182.148330688477
32.512    -13.9201574325562    177.895904541016
32.611    -13.978533744812    173.909317016602
32.711    -13.8620300292969    169.922729492188
32.81    -13.7067747116089    166.011947631836
32.91    -13.648398399353    161.873245239258
33.009    -13.5321435928345    158.000381469727
33.109    -13.4156398773193    153.710037231445
33.208    -13.2797603607178    150.103012084961
33.308    -13.2216329574585    145.888977050781
33.407    -13.1826324462891    141.940292358398
33.507    -12.8721218109131    137.877395629883
33.606    -12.8333702087402    134.004531860352
33.706    -12.7558670043945    129.790496826172
33.805    -12.4841079711914    125.993453979492
33.905    -12.4063558578491    121.741027832031
34.004    -12.2901010513306    117.906066894531
34.104    -12.1154699325562    113.767845153809
34.203    -11.9212141036987    109.970794677734
34.303    -11.688455581665    105.870483398438
34.402    -11.6107034683228    101.921798706055
34.502    -11.3001928329468    97.8209991455078
34.601    -11.1449375152588    93.948616027832
34.701    -11.0090579986572    90.037841796875
34.8    -10.79567527771    85.8991394042969
34.9    -10.6597957611084    82.1025695800781
34.999    -10.5239162445068    77.9638671875
35.099    -10.3299083709717    74.12890625
35.198    -10.2911567687988    69.9906845092773
35.298    -10.1746530532837    66.2694473266602
35.397    -10.1359014511108    61.9791107177734
35.497    -10.0193977355957    58.1062431335449
35.596    -9.92227077484131    53.7400932312012
35.696    -9.82539081573486    50.0572471618652
35.795    -9.74763870239258    45.9564476013184
35.894    -9.61175918579102    42.0461578369141
35.994    -9.6895112991333    37.983268737793
36.093    -9.59238338470459    34.1866989135742
36.193    -9.59238338470459    29.8200626373291
36.292    -9.53425598144531    25.947681427002
36.392    -9.49550437927246    21.771068572998
36.491    -9.49550437927246    18.0119228363037
36.591    -9.49550437927246    13.6836795806885
36.69    -9.45650386810303    10.0387420654297
36.79    -9.3596248626709    5.9384298324585
36.889    -9.3596248626709    2.179283618927
36.989    -9.39837646484375    -1.69309830665588
37.092    -9.24312114715576    -5.83180379867554
37.196    -9.22374534606934    -10.1221389770508
37.299    -9.22374534606934    -14.4508676528931
37.403    -9.14599323272705    -18.5890865325928
37.506    -9.12661743164063    -22.8036079406738
37.61    -9.08786582946777    -27.1318492889404
37.713    -9.06849002838135    -31.2705554962158
37.817    -9.0297384262085    -35.4092597961426
37.92    -9.01036262512207    -39.2058258056641
38.024    -8.97136211395264    -43.1924171447754
38.127    -8.95198631286621    -47.293212890625
38.231    -8.95198631286621    -51.6593627929688
38.334    -8.91323471069336    -55.987606048584
38.438    -8.85510730743408    -60.0125885009766
38.541    -8.87448310852051    -64.3408355712891
38.645    -8.91323471069336    -68.6311645507813
38.748    -8.85510730743408    -72.7314758300781
38.852    -8.85510730743408    -76.9459991455078
38.955    -8.85510730743408    -80.8946838378906
39.059    -8.87448310852051    -84.9196624755859
39.162    -8.87448310852051    -88.9820709228516
39.266    -8.69985198974609    -93.2724075317383
39.369    -8.7773551940918    -97.4869232177734
39.473    -8.75797939300537    -101.815170288086
39.576    -8.73860359191895    -105.878059387207
39.68    -8.75797939300537    -110.092582702637
39.783    -8.71922779083252    -114.230796813965
39.887    -8.75797939300537    -118.369506835938
39.99    -8.75797939300537    -122.584022521973
40.094    -8.75797939300537    -126.456405639648
40.197    -8.64147567749023    -130.670928955078
40.3    -8.69985198974609    -134.847549438477
40.404    -8.66085147857666    -139.099975585938
40.507    -8.69985198974609    -143.238677978516
40.611    -8.68022727966309    -147.376907348633
40.714    -8.64147567749023    -151.743530273438
40.818    -8.66085147857666    -155.881759643555
40.921    -8.66085147857666    -160.096282958984
41.025    -8.60272407531738    -164.197067260742
41.128    -8.62209987640381    -168.107849121094
41.232    -8.60272407531738    -172.436096191406
41.335    -8.66085147857666    -176.498489379883
41.439    -8.58334827423096    -180.63720703125
41.542    -8.60272407531738    -184.889633178711
41.646    -8.58334827423096    -188.989944458008
41.749    -8.60272407531738    -193.318664550781
41.853    -8.62209987640381    -197.49479675293
41.956    -8.68022727966309    -201.557693481445
42.111    -8.36971664428711    -197.039428710938
42.209    -8.25346183776855    -193.736129760742
42.307    -8.17570972442627    -189.673736572266
42.404    -8.11758232116699    -186.142517089844
42.502    -8.05920600891113    -182.497573852539
42.599    -8.03983020782471    -179.042663574219
42.697    -8.00107860565186    -175.207702636719
42.795    -8.00107860565186    -171.524856567383
42.892    -8.00107860565186    -168.107849121094
42.99    -7.94295072555542    -164.500823974609
43.087    -8.00107860565186    -160.627944946289
43.185    -7.92357492446899    -156.983016967773
43.282    -7.90395069122314    -153.3759765625
43.38    -7.92357492446899    -149.617324829102
43.478    -7.92357492446899    -146.010284423828
43.575    -7.86519908905029    -142.669097900391
43.673    -7.92357492446899    -138.834136962891
43.77    -7.86519908905029    -134.961273193359
43.868    -7.84582328796387    -131.468444824219
43.966    -7.84582328796387    -127.937232971191
44.063    -7.80707168579102    -124.064842224121
44.161    -7.84582328796387    -120.647346496582
44.259    -7.84582328796387    -117.002410888672
44.356    -7.76831960678101    -113.395378112793
44.454    -7.78769540786743    -109.485092163086
44.551    -7.76831960678101    -105.953872680664
44.649    -7.74869537353516    -102.498954772949
44.747    -7.72931957244873    -98.5497894287109
44.844    -7.69056797027588    -94.943244934082
44.942    -7.72931957244873    -91.4120330810547
45.039    -7.69056797027588    -88.0329284667969
45.137    -7.65181589126587    -83.93212890625
45.235    -7.63244009017944    -80.5530319213867
45.332    -7.59344005584717    -77.0223007202148
45.43    -7.63244009017944    -73.5289916992188
45.527    -7.61306428909302    -69.4665832519531
45.625    -7.59344005584717    -65.8595581054688
45.723    -7.55468845367432    -62.2146186828613
45.82    -7.55468845367432    -58.3796577453613
45.918    -7.55468845367432    -54.9247436523438
46.015    -7.53531265258789    -51.4314346313477
46.113    -7.49656057357788    -47.6348648071289
46.211    -7.51593685150146    -43.9520225524902
46.308    -7.55468845367432    -40.3070831298828
46.406    -7.49656057357788    -36.889591217041
46.503    -7.43818473815918    -33.0551147460938
46.601    -7.45780897140503    -29.5618076324463
46.699    -7.49656057357788    -25.954776763916
46.796    -7.47718477249146    -22.4998626708984
46.894    -7.49656057357788    -18.4753646850586
46.991    -7.41880893707275    -14.8683338165283
47.089    -7.49656057357788    -11.4134187698364
47.187    -7.43818473815918    -7.50264358520508
47.284    -7.39943313598633    -4.00933504104614
47.382    -7.47718477249146    -0.326489627361298
47.48    -7.3800573348999    3.35635566711426
47.58    -7.47718477249146    7.07710838317871
47.68    -7.39943313598633    10.684139251709
47.78    -7.43818473815918    14.3669843673706
47.88    -7.47718477249146    18.3156661987305
47.981    -7.41880893707275    21.8468837738037
48.081    -7.3800573348999    25.7955665588379
48.181    -7.41880893707275    29.1746654510498
48.281    -7.41880893707275    33.2375602722168
48.381    -7.39943313598633    36.8061943054199
48.482    -7.39943313598633    40.7169723510742
48.582    -7.34130525588989    44.3998184204102
48.682    -7.3800573348999    48.1589622497559
48.782    -7.34130525588989    52.1076469421387
48.882    -7.39943313598633    55.5625610351563
48.983    -7.3800573348999    59.4354286193848
49.083    -7.3800573348999    62.9661598205566
49.183    -7.3800573348999    66.9148406982422
49.283    -7.36068105697632    70.4460601806641
49.383    -7.28292942047119    74.3189239501953
49.484    -7.28292942047119    77.9638671875
49.584    -7.28292942047119    81.8367309570313
49.684    -7.30255365371704    85.7854156494141
49.784    -7.28292942047119    89.2403259277344
49.884    -7.32192945480347    93.1131973266602
49.985    -7.30255365371704    96.4164810180664
50.085    -7.32192945480347    100.478889465332
50.185    -7.32192945480347    104.010101318359
50.285    -7.28292942047119    107.844581604004
50.385    -7.30255365371704    111.489517211914
50.486    -7.24417781829834    115.438201904297
50.586    -7.26355361938477    118.855690002441
50.686    -7.26355361938477    122.880187988281
50.786    -7.26355361938477    126.904685974121
50.886    -7.26355361938477    130.359588623047
50.986    -7.24417781829834    134.232467651367
51.087    -7.26355361938477    137.725769042969
51.187    -7.16667413711548    141.712356567383
51.287    -7.1860499382019    145.129364013672
51.387    -7.16667413711548    149.002243041992
51.487    -7.14729833602905    152.457153320313
51.588    -7.16667413711548    156.405838012695
51.688    -7.16667413711548    160.316604614258
51.788    -7.14729833602905    163.771530151367
51.888    -7.08892250061035    167.720703125
51.988    -7.10829830169678    171.251419067383
52.089    -7.10829830169678    175.200103759766
52.189    -7.14729833602905    178.693420410156
52.289    -7.06954622268677    182.489990234375
52.389    -7.01141881942749    186.172836303711
52.489    -7.03079462051392    190.045700073242
52.59    -7.05017042160034    193.994384765625
52.69    -7.1276741027832    197.449295043945
52.79    -7.03079462051392    201.284255981445
52.89    -7.01141881942749    204.815475463867
52.99    -6.95304298400879    208.839965820313
53.091    -6.97241878509521    212.371185302734
53.191    -6.95304298400879    216.243560791016
53.291    -6.89491510391235    219.661056518555
53.391    -6.95304298400879    223.533447265625
53.491    -6.8561635017395    227.596328735352
53.592    -6.8561635017395    231.089157104492
53.692    -6.87553930282593    234.999938964844
53.792    -6.83678770065308    238.606964111328
53.892    -6.7977876663208    242.479827880859
53.992    -6.81716346740723    246.162673950195
54.093    -6.89491510391235    249.921340942383
54.193    -6.7977876663208    253.338348388672
54.293    -6.77841138839722    257.325408935547
54.393    -6.75903558731079    260.742431640625
54.493    -6.75903558731079    264.691101074219
54.593    -6.77841138839722    268.449768066406
54.694    -6.70090818405151    272.132629394531
54.794    -6.70090818405151    276.081298828125
54.894    -6.70090818405151    279.384582519531
54.994    -6.66190814971924    283.561187744141
55.094    -6.66190814971924    286.978210449219
55.195    -6.66190814971924    290.85107421875
55.295    -6.70090818405151    294.305999755859
55.395    -6.64253234863281    298.254669189453
55.495    -6.58440446853638    302.393371582031
55.595    -6.58440446853638    305.848297119141
55.696    -6.66190814971924    309.796966552734
55.796    -6.56502866744995    313.252380371094
55.896    -6.5262770652771    317.011047363281
55.996    -6.50665283203125    320.580169677734
56.096    -6.5262770652771    324.415130615234
56.197    -6.5262770652771    327.870025634766
56.297    -6.54565286636353    332.046661376953
56.397    -6.44852495193481    335.805297851563
56.497    -6.48727703094482    339.260223388672
56.597    -6.40977334976196    343.208892822266
56.698    -6.42914915084839    346.740112304688
56.798    -6.33202123641968    350.764617919922
56.898    -6.33202123641968    354.18212890625
56.998    -6.29326963424683    357.978668212891
57.098    -6.25451803207397    361.509887695313
57.198    -6.15739011764526    365.534393310547
57.299    -6.04088640213013    369.407257080078
57.399    -6.0215106010437    373.052215576172
57.499    -5.92463159561157    376.962982177734
57.599    -5.80812788009644    380.417877197266
57.699    -5.63349676132202    384.176544189453
57.8    -5.47824144363403    387.783569335938
57.9    -5.41986513137817    391.732269287109
58    -5.1677303314209    395.187652587891
58.1    -5.03185129165649    399.136352539063
58.2    -4.89597177505493    402.743377685547
58.301    -4.64358854293823    406.615753173828
58.401    -4.43020534515381    410.450714111328
58.501    -4.33307790756226    414.057739257813
58.601    -4.13907051086426    417.892242431641
58.701    -4.02256727218628    421.461364746094
58.801    -3.86731171607971    425.296325683594
58.902    -3.6926805973053    428.941253662109
59.002    -3.59580111503601    432.852020263672
59.102    -3.44054579734802    436.231140136719
59.202    -3.30466628074646    440.293518066406
59.302    -3.13003516197205    444.128479003906
59.403    -3.03290748596191    447.697601318359
59.503    -2.89702796936035    451.380462646484
59.603    -2.80014848709106    455.025390625
59.703    -2.72239661216736    458.974090576172
59.803    -2.64489316940308    462.466888427734
59.904    -2.52838969230652    466.415588378906
60.003    -2.47001361846924    469.794677734375
60.103    -2.37313437461853    473.743377685547
60.203    -2.31475830078125    477.274597167969
60.303    -2.25663065910339    481.223266601563
60.403    -2.21787881851196    485.096130371094
60.504    -2.17912721633911    488.551055908203
60.604    -2.14012694358826    492.499725341797
60.704    -2.00424766540527    495.993041992188
60.804    -1.90736818313599    500.093353271484
60.904    -1.9267441034317    503.396636962891
61.005    -1.848992228508    507.345336914063
61.105    -1.79086458683014    510.914489746094
61.205    -1.69373691082001    514.825256347656
61.305    -1.65498518943787    518.697631835938
61.405    -1.59685754776001    522.3046875
61.506    -1.49972975254059    526.329650878906
61.606    -1.38322615623474    529.8603515625
61.706    -1.3444744348526    533.657409667969
61.806    -1.30572271347046    537.036560058594
61.906    -1.18921911716461    540.947326660156
62.006    -1.13109147548676    544.592224121094
62.107    -1.07271552085876    548.350891113281
62.207    -0.975836157798767    552.451721191406
62.307    -0.898084282875061    555.906616210938
62.407    -0.801204919815063    559.8173828125
62.507    -0.781829059123993    563.3486328125
62.608    -0.665325462818146    567.221008300781
62.708    -0.548821806907654    570.714294433594
62.808    -0.529445946216583    574.625061035156
62.908    -0.4516941010952    578.155822753906
63.008    -0.374190628528595    582.142395019531
63.109    -0.354814738035202    585.597778320313
63.209    -0.16080766916275    589.470642089844
63.309    -0.0443040542304516    593.343017578125
63.409    0.0721995607018471    596.836364746094
63.509    0.208079040050507    600.785034179688
63.61    0.363334387540817    604.27783203125
63.71    0.499213874340057    608.11279296875
63.81    0.693220973014832    611.606140136719
63.91    0.84847629070282    615.744323730469
64.01    1.08123517036438    619.275573730469
64.111    1.25611472129822    623.034240722656
64.211    1.48887360095978    626.98291015625
64.311    1.68288064002991    630.438293457031
64.411    1.8381359577179    634.348571777344
64.511    2.05176734924316    637.804016113281
64.611    2.24577450752258    641.752685546875
64.712    2.51753330230713    645.359741210938
64.812    2.75029230117798    649.156311035156
64.912    2.96392345428467    652.763305664063
65.012    3.17730641365051    656.674072265625
65.112    3.48781728744507    660.546936035156
65.213    3.72057604789734    664.077697753906
65.313    3.99233508110046    667.912658691406
65.413    4.20596647262573    671.481750488281
65.513    4.43872499465942    675.392517089844
65.613    4.69110822677612    678.847473144531
65.713    5.02099466323853    682.871948242188
65.814    5.1956262588501    686.403198242188
65.914    5.5255126953125    690.199768066406
66.014    5.8553991317749    693.617248535156
66.114    6.12715816497803    697.755432128906
66.214    6.39891719818115    701.590393066406
66.314    6.01065444946289    698.628784179688
66.414    5.71951961517334    694.680114746094
66.513    5.42838478088379    690.655578613281
66.613    5.05974674224854    686.592712402344
66.712    4.6717324256897    682.796142578125
66.812    4.419349193573    678.3916015625
66.911    4.07008695602417    674.785034179688
67.011    3.74020028114319    670.72216796875
67.11    3.42968964576721    666.659790039063
67.21    3.11917901039124    662.673156738281
67.309    2.75029230117798    658.534484863281
67.409    2.51753330230713    654.623718261719
67.508    2.20702266693115    650.523376464844
67.608    1.85751187801361    646.688415527344
67.707    1.60537719726563    642.588073730469
67.807    1.29486644268036    638.639404296875
67.906    1.00373160839081    634.424926757813
68.006    0.693220973014832    630.476196289063
68.105    0.479838013648987    626.527526855469
68.204    0.149703025817871    622.540954589844
68.304    -0.199559405446053    618.402221679688
68.403    -0.374190628528595    614.605163574219
68.503    -0.58757358789444    610.276916503906
68.602    -0.859332501888275    606.556213378906
68.702    -1.22797083854675    602.379577636719
68.801    -1.42222630977631    598.620910644531
68.901    -1.752112865448    594.33056640625
69    -1.96549582481384    590.609313964844
69.1    -2.27600646018982    586.319030761719
69.199    -2.48963785171509    582.408264160156
69.299    -2.6058931350708    578.6875
69.398    -2.95540404319763    574.43505859375
69.498    -3.13003516197205    570.676391601563
69.597    -3.38216972351074    566.423950195313
69.697    -3.65392875671387    562.475280761719
69.796    -3.82856011390686    558.488708496094
69.896    -4.11969470977783    554.5400390625
69.995    -4.25557422637939    550.28759765625
70.095    -4.44958162307739    546.566345214844
70.194    -4.62421274185181    542.276000976563
70.294    -4.8378438949585    538.517333984375
70.393    -5.05122709274292    534.302856445313
70.493    -5.12897872924805    530.619995117188
70.592    -5.38111352920532    526.253356933594
70.691    -5.49761724472046    522.418884277344
70.791    -5.6916241645813    518.318054199219
70.89    -5.80812788009644    514.597351074219
70.99    -6.00213479995728    510.269073486328
71.089    -6.15739011764526    506.396179199219
71.189    -6.33202123641968    502.257476806641
71.288    -6.42914915084839    498.232971191406
71.388    -6.56502866744995    494.398010253906
71.487    -6.72028398513794    490.335601806641
71.587    -6.7977876663208    486.728576660156
71.686    -6.89491510391235    482.476165771484
71.786    -7.03079462051392    478.565368652344
71.885    -7.14729833602905    474.350860595703
71.985    -7.28292942047119    470.516387939453
72.084    -7.39943313598633    466.188140869141
72.184    -7.55468845367432    462.619018554688
72.283    -7.63244009017944    458.252380371094
72.383    -7.80707168579102    454.455810546875
72.482    -7.84582328796387    450.203399658203
72.582    -7.90395069122314    446.482635498047
72.681    -8.02045440673828    442.153900146484
72.781    -8.11758232116699    438.471069335938
72.88    -8.15633392333984    434.218627929688
72.979    -8.29221343994141    430.422058105469
73.079    -8.48622035980225    426.207550048828
73.178    -8.54459667205811    422.372589111328
73.278    -8.66085147857666    418.348083496094
73.377    -8.81610679626465    414.437316894531
73.477    -8.89385890960693    410.184875488281
73.576    -8.99073791503906    406.349914550781
73.676    -9.1072416305542    402.629180908203
73.775    -9.37900066375732    398.376739501953
73.875    -9.39837646484375    394.542266845703
73.974    -9.53425598144531    390.403564453125
74.074    -9.61175918579102    386.606506347656
74.173    -9.74763870239258    382.392486572266
74.273    -9.84476661682129    378.557525634766
74.372    -10.0000219345093    374.418823242188
74.472    -10.1940288543701    370.584320068359
74.571    -10.2717809677124    366.331909179688
74.671    -10.407660484314    362.496948242188
74.77    -10.5432920455933    358.130798339844
74.87    -10.6985473632813    354.371643066406
74.969    -10.9703063964844    350.34716796875
75.069    -11.1449375152588    346.436370849609
75.168    -11.2226886749268    342.259765625
75.268    -11.3779439926147    338.463195800781
75.367    -11.6497030258179    334.400299072266
75.467    -11.7465829849243    330.527923583984
75.566    -11.8243350982666    326.351318359375
75.665    -12.154221534729    322.402618408203
75.765    -12.2317247390747    318.757690429688
75.864    -12.3482284545898    314.239440917969
75.964    -12.619987487793    310.594482421875
76.063    -12.7558670043945    306.266235351563
76.163    -12.9304981231689    302.659210205078
76.262    -13.1245050430298    298.293060302734
76.362    -13.2603845596313    294.571838378906
76.461    -13.512767791748    290.43359375
76.561    -13.5902709960938    286.560729980469
76.66    -13.7067747116089    282.422027587891
76.76    -13.9395332336426    278.435455322266
76.859    -13.978533744812    274.297210693359
76.959    -14.1337890625    270.386444091797
77.058    -14.3277959823608    266.28564453125
77.158    -14.3665475845337    262.564910888672
77.257    -14.5218029022217    258.084533691406
77.357    -14.6189308166504    254.363784790039
77.456    -14.7158098220825    250.262985229492
77.556    -14.6964340209961    246.655960083008
77.655    -14.8129377365112    242.289810180664
77.755    -14.7935619354248    238.416946411133
77.854    -14.7351865768433    234.202423095703
77.954    -14.7158098220825    230.443756103516
78.053    -14.6576824188232    226.685104370117
78.153    -14.6189308166504    222.470581054688
78.252    -14.599555015564    218.597717285156
78.352    -14.4052991867065    214.383193969727
78.451    -14.424674987793    210.662445068359
78.551    -14.3665475845337    206.485824584961
78.65    -14.3859233856201    202.727172851563
78.749    -14.289044380188    198.246810913086
78.849    -14.289044380188    194.526062011719
78.948    -14.269419670105    190.34944152832
79.048    -14.1337890625    186.324951171875
79.147    -14.0947885513306    182.338348388672
79.247    -13.9979095458984    178.617111206055
79.346    -13.958909034729    174.403076171875
79.446    -13.9201574325562    170.530212402344
79.545    -13.7649021148682    166.315689086914
79.645    -13.648398399353    162.442825317383
79.744    -13.5321435928345    158.456237792969
79.844    -13.4737672805786    154.393829345703
79.943    -13.3575124740601    150.330932617188
80.043    -13.2216329574585    146.382263183594
80.142    -13.1826324462891    142.471481323242
80.242    -13.0663776397705    138.484893798828
80.341    -12.8139944076538    134.764144897461
80.441    -12.7946186065674    130.587524414063
80.54    -12.6974906921387    126.753059387207
80.64    -12.4259805679321    122.386421203613
80.739    -12.3869800567627    118.589859008789
80.839    -12.1735973358154    114.451148986816
80.938    -12.154221534729    110.654586791992
81.038    -11.8049583435059    106.591690063477
81.137    -11.6497030258179    102.643013000488
81.236    -11.5138235092163    98.3905792236328
81.336    -11.3001928329468    94.7077331542969
81.435    -11.0480575561523    90.4553070068359
81.535    -10.9315538406372    86.6587448120117
81.634    -10.7375469207764    82.367919921875
81.734    -10.6016674041748    78.6471710205078
81.833    -10.4657878875732    74.3568344116211
81.933    -10.3492841720581    70.5218734741211
82.032    -10.2911567687988    66.4215621948242
82.132    -10.1746530532837    62.6624145507813
82.231    -10.0581493377686    58.2204513549805
82.331    -9.94189453125    54.6892356872559
82.43    -9.90289402008057    50.8547592163086
82.53    -9.78663921356201    46.6023330688477
82.629    -9.72826290130615    42.7294616699219
82.729    -9.63138389587402    38.6286659240723
82.828    -9.59238338470459    34.794189453125
82.928    -9.55363178253174    30.4654598236084
83.027    -9.53425598144531    26.4788703918457
83.127    -9.49550437927246    22.5301876068115
83.226    -9.47612857818604    18.5435962677002
83.326    -9.47612857818604    14.4811925888062
83.425    -9.45650386810303    10.7983474731445
83.525    -9.39837646484375    6.54591941833496
83.624    -9.37900066375732    2.78677344322205
83.724    -9.32087326049805    -1.3514461517334
83.827    -9.24312114715576    -5.71808195114136
83.931    -9.26249694824219    -9.40092754364014
84.034    -9.22374534606934    -13.7291698455811
84.138    -9.1072416305542    -17.7536678314209
84.241    -9.12661743164063    -22.196117401123
84.345    -9.12661743164063    -26.1827068328857
84.448    -9.06849002838135    -30.510950088501
84.551    -9.01036262512207    -34.6875610351563
84.655    -9.04911422729492    -38.8641738891602
84.759    -8.95198631286621    -42.964485168457
84.862    -8.97136211395264    -47.0652847290039
84.965    -8.95198631286621    -50.9002456665039
85.069    -8.87448310852051    -55.1905784606934
85.172    -8.93261051177979    -59.4430084228516
85.276    -8.87448310852051    -63.6191329956055
85.379    -8.87448310852051    -67.8715591430664
85.483    -8.85510730743408    -71.934455871582
85.586    -8.85510730743408    -76.2626953125
85.69    -8.83548259735107    -80.4393081665039
85.793    -8.79673099517822    -84.5775299072266
85.897    -8.7773551940918    -88.7920455932617
86    -8.81610679626465    -92.6649169921875
86.104    -8.81610679626465    -96.9173431396484
86.207    -8.79673099517822    -101.056045532227
86.311    -8.7773551940918    -105.118453979492
86.414    -8.87448310852051    -109.25715637207
86.518    -8.75797939300537    -113.585403442383
86.621    -8.73860359191895    -117.724105834961
86.725    -8.73860359191895    -122.12816619873
86.828    -8.69985198974609    -126.266868591309
86.932    -8.69985198974609    -130.291381835938
87.035    -8.71922779083252    -134.2021484375
87.139    -8.68022727966309    -138.492492675781
87.242    -8.69985198974609    -142.593276977539
87.346    -8.64147567749023    -146.845718383789
87.449    -8.69985198974609    -151.05973815918
87.553    -8.68022727966309    -155.31217956543
87.656    -8.60272407531738    -159.412963867188
87.76    -8.66085147857666    -163.513290405273
87.863    -8.60272407531738    -167.689895629883
87.967    -8.60272407531738    -171.866516113281
88.07    -8.62209987640381    -175.739379882813
88.174    -8.60272407531738    -179.877593994141
88.277    -8.60272407531738    -184.130020141602
88.38    -8.60272407531738    -188.344543457031
88.484    -8.62209987640381    -192.483245849609
88.587    -8.60272407531738    -196.849395751953
88.691    -8.64147567749023    -200.9501953125
