sec"   "mA"   "mV
0.154    11.0288324356079    766.244445800781
0.252    9.59348297119141    766.320251464844
0.351    9.09326934814453    766.39599609375
0.449    8.67413806915283    766.472290039063
0.547    8.38546371459961    766.472290039063
0.646    8.31627559661865    766.358093261719
0.744    8.22927093505859    766.39599609375
0.842    8.08494567871094    766.39599609375
0.941    8.01180934906006    766.20654296875
1.039    8.02762603759766    766.39599609375
1.137    7.95446443557739    766.282348632813
1.236    7.86945915222168    766.39599609375
1.334    7.87538051605225    766.39599609375
1.432    7.88330173492432    766.39599609375
1.53    7.79827117919922    766.320251464844
1.629    7.76663732528687    766.282348632813
1.727    7.79827117919922    766.320251464844
1.825    7.7607159614563    766.358093261719
1.924    7.70731830596924    766.282348632813
2.022    7.71129179000854    766.244445800781
2.12    7.71918725967407    766.20654296875
2.219    7.66778945922852    766.472290039063
2.317    7.65789413452148    766.358093261719
2.415    7.67965793609619    766.39599609375
2.514    7.64605093002319    766.320251464844
2.612    7.61044406890869    766.39599609375
2.71    7.62033891677856    766.282348632813
2.809    7.61241817474365    766.320251464844
2.907    7.59067964553833    766.168640136719
3.005    7.57091474533081    766.39599609375
3.103    7.58078479766846    766.168640136719
3.202    7.5629940032959    766.320251464844
3.3    7.5471773147583    766.244445800781
3.398    7.55115032196045    766.320251464844
3.497    7.50764799118042    766.358093261719
3.595    7.56496810913086    766.433898925781
3.693    7.47798871994019    766.433898925781
3.792    7.49775314331055    766.39599609375
3.89    7.52346467971802    766.168640136719
3.988    7.47996234893799    766.320251464844
4.087    7.46019792556763    766.244445800781
4.185    7.48193645477295    766.548095703125
4.283    7.48391008377075    766.282348632813
4.382    7.43053817749023    766.472290039063
4.48    7.42856454849243    766.39599609375
4.578    7.48193645477295    766.510192871094
4.676    7.44043302536011    766.320251464844
4.775    7.39890480041504    766.433898925781
4.873    7.42261743545532    766.320251464844
4.971    7.43843412399292    766.320251464844
5.07    7.38111400604248    766.244445800781
5.168    7.38111400604248    766.433898925781
5.266    7.42461633682251    766.244445800781
5.365    7.39098358154297    766.320251464844
5.463    7.36332368850708    766.168640136719
5.561    7.3850622177124    766.320251464844
5.66    7.38111400604248    766.282348632813
5.758    7.35342836380005    766.244445800781
5.856    7.33958578109741    766.320251464844
5.955    7.3692455291748    766.358093261719
6.053    7.34750699996948    766.39599609375
6.151    7.32574272155762    766.472290039063
6.249    7.33563804626465    766.510192871094
6.348    7.35145473480225    766.472290039063
6.446    7.30795240402222    766.320251464844
6.544    7.30400466918945    766.510192871094
6.643    7.32376909255981    766.320251464844
6.741    7.31389951705933    766.244445800781
6.839    7.2881875038147    766.358093261719
6.938    7.30400466918945    766.39599609375
7.036    7.29608345031738    766.130249023438
7.134    7.27829265594482    766.39599609375
7.233    7.28026676177979    766.472290039063
7.331    7.28226613998413    766.320251464844
7.429    7.27631902694702    766.39599609375
7.528    7.25260639190674    766.358093261719
7.626    7.24665927886963    766.244445800781
7.724    7.26247596740723    766.320251464844
7.822    7.25063228607178    766.472290039063
7.921    7.23876333236694    766.510192871094
8.019    7.24863338470459    766.092346191406
8.117    7.23876333236694    766.358093261719
8.216    7.22689485549927    766.358093261719
8.314    7.22886848449707    766.39599609375
8.412    7.23281669616699    766.320251464844
8.511    7.21107816696167    766.39599609375
8.609    7.19920921325684    766.016540527344
8.707    7.22294664382935    766.358093261719
8.806    7.21107816696167    766.472290039063
8.904    7.18933963775635    766.39599609375
9.002    7.20118284225464    766.244445800781
9.1    7.19328737258911    766.472290039063
9.199    7.17747068405151    766.244445800781
9.297    7.17944431304932    766.433898925781
9.395    7.18536615371704    766.39599609375
9.494    7.17747068405151    766.358093261719
9.592    7.16757583618164    766.510192871094
9.69    7.17747068405151    766.39599609375
9.789    7.17944431304932    766.433898925781
9.887    7.14978504180908    766.433898925781
9.985    7.15175867080688    766.244445800781
10.084    7.15967988967896    766.472290039063
10.182    7.14781093597412    766.472290039063
10.28    7.15373277664185    766.472290039063
10.379    7.15175867080688    766.320251464844
10.477    7.14583730697632    766.358093261719
10.575    7.13594198226929    766.168640136719
10.673    7.13594198226929    766.282348632813
10.772    7.13594198226929    766.282348632813
10.87    7.12407350540161    766.472290039063
10.968    7.1260724067688    766.358093261719
11.067    7.12209939956665    766.320251464844
11.165    7.12407350540161    766.320251464844
11.263    7.12209939956665    766.39599609375
11.362    7.11420345306396    766.320251464844
11.46    7.11617755889893    766.168640136719
11.558    7.09838676452637    766.244445800781
11.657    7.10036087036133    766.39599609375
11.755    7.09838676452637    766.358093261719
11.853    7.09243965148926    766.320251464844
11.951    7.08257007598877    766.39599609375
12.05    7.09641313552856    766.433898925781
12.148    7.08059644699097    766.39599609375
12.246    7.08651781082153    766.433898925781
12.345    7.08651781082153    766.320251464844
12.443    7.09641313552856    766.320251464844
12.541    7.06872749328613    766.39599609375
12.64    7.07464933395386    766.244445800781
12.738    7.07662296295166    766.244445800781
12.836    7.07070112228394    766.39599609375
12.934    7.06280565261841    766.39599609375
13.033    7.06080627441406    766.433898925781
13.131    7.05883264541626    766.244445800781
13.229    7.04896259307861    766.39599609375
13.328    7.05488443374634    766.168640136719
13.426    7.05488443374634    766.358093261719
13.524    7.0410418510437    766.358093261719
13.623    7.03709411621094    766.39599609375
13.721    7.03314590454102    766.39599609375
13.819    7.0410418510437    766.472290039063
13.918    7.03314590454102    766.244445800781
14.016    7.0252251625061    766.358093261719
14.114    7.02325105667114    766.320251464844
14.212    7.01138210296631    766.320251464844
14.311    7.01732921600342    766.39599609375
14.409    7.01732921600342    766.320251464844
14.507    7.00743436813354    766.244445800781
14.606    7.00940847396851    766.39599609375
14.704    6.99556541442871    766.282348632813
14.802    6.99556541442871    766.472290039063
14.901    6.99161767959595    766.433898925781
14.999    6.99556541442871    766.320251464844
15.097    6.99161767959595    766.358093261719
15.196    6.97974872589111    766.39599609375
15.294    6.98372173309326    766.130249023438
15.392    6.98964357376099    766.320251464844
15.491    6.97185325622559    766.244445800781
15.589    6.96590614318848    766.320251464844
15.687    6.97777462005615    766.20654296875
15.785    6.97382688522339    766.433898925781
15.884    6.96790504455566    766.282348632813
15.982    6.96987915039063    766.39599609375
16.08    6.95998430252075    766.39599609375
16.179    6.95406246185303    766.358093261719
16.277    6.96393203735352    766.320251464844
16.375    6.95406246185303    766.358093261719
16.474    6.95008897781372    766.244445800781
16.572    6.95208835601807    766.282348632813
16.67    6.94021940231323    766.244445800781
16.769    6.94614124298096    766.433898925781
16.867    6.94614124298096    766.39599609375
16.965    6.93627166748047    766.623901367188
17.063    6.93427228927612    766.20654296875
17.162    6.93427228927612    766.320251464844
17.26    6.91845560073853    766.39599609375
17.358    6.92835092544556    766.39599609375
17.457    6.93627166748047    766.39599609375
17.555    6.92440271377563    766.39599609375
17.653    6.92045497894287    766.282348632813
17.752    6.91845560073853    766.433898925781
17.85    6.91648197174072    766.358093261719
17.948    6.91648197174072    766.472290039063
18.047    6.91450786590576    766.20654296875
18.145    6.91450786590576    766.282348632813
18.243    6.90463829040527    766.130249023438
18.342    6.90463829040527    766.39599609375
18.44    6.8967170715332    766.168640136719
18.538    6.8947434425354    766.472290039063
18.636    6.88090038299561    766.244445800781
18.735    6.87100553512573    766.510192871094
18.833    6.86311006546021    766.320251464844
18.931    6.86903142929077    766.472290039063
19.03    6.86903142929077    766.282348632813
19.128    6.87100553512573    766.168640136719
19.226    6.85321474075317    766.130249023438
19.325    6.86311006546021    766.39599609375
19.423    6.86311006546021    766.282348632813
19.521    6.85916185379028    766.433898925781
19.62    6.85916185379028    766.433898925781
19.718    6.84926700592041    766.472290039063
19.816    6.85321474075317    766.39599609375
19.914    6.85321474075317    766.358093261719
20.013    6.84926700592041    766.20654296875
20.111    6.84729290008545    766.358093261719
20.209    6.84926700592041    766.282348632813
20.308    6.84137153625488    766.358093261719
20.406    6.85321474075317    766.320251464844
20.504    6.83542442321777    766.39599609375
20.603    6.82752847671509    766.320251464844
20.701    6.83147621154785    766.358093261719
20.799    6.83937215805054    766.244445800781
20.898    6.82158136367798    766.320251464844
20.996    6.82752847671509    766.282348632813
21.094    6.82355546951294    766.510192871094
21.192    6.81763362884521    766.20654296875
21.291    6.81565952301025    766.320251464844
21.389    6.81565952301025    766.510192871094
21.487    6.81565952301025    766.39599609375
21.586    6.81171178817749    766.39599609375
21.684    6.80973768234253    766.472290039063
21.782    6.81565952301025    766.244445800781
21.881    6.80379056930542    766.358093261719
21.979    6.81171178817749    766.244445800781
22.077    6.79984283447266    766.320251464844
22.176    6.78994798660278    766.282348632813
22.274    6.79984283447266    766.358093261719
22.372    6.78797388076782    766.358093261719
22.47    6.79392099380493    766.39599609375
22.569    6.78994798660278    766.320251464844
22.667    6.79192209243774    766.433898925781
22.765    6.79192209243774    766.244445800781
22.864    6.78402614593506    766.244445800781
22.962    6.77610492706299    766.054443359375
23.06    6.78600025177002    766.39599609375
23.159    6.77018356323242    766.472290039063
23.257    6.78797388076782    766.472290039063
23.355    6.77215719223022    766.39599609375
23.454    6.7662353515625    766.585998535156
23.552    6.77215719223022    766.433898925781
23.65    6.77610492706299    766.510192871094
23.748    6.75831460952759    766.244445800781
23.847    6.77018356323242    766.358093261719
23.945    6.76228761672974    766.320251464844
24.043    6.76028823852539    766.39599609375
24.142    6.7504186630249    766.39599609375
24.24    6.76228761672974    766.472290039063
24.338    6.76028823852539    766.433898925781
24.436    6.75436639785767    766.510192871094
24.535    6.7504186630249    766.358093261719
24.633    6.7484450340271    766.472290039063
24.731    6.74447154998779    766.282348632813
24.83    6.75239276885986    766.282348632813
24.928    6.7484450340271    766.282348632813
25.026    6.73854970932007    766.39599609375
25.125    6.7484450340271    766.320251464844
25.223    6.74249792098999    766.548095703125
25.321    6.73854970932007    766.472290039063
25.42    6.7326283454895    766.433898925781
25.518    6.72668123245239    766.548095703125
25.616    6.7286548614502    766.433898925781
25.714    6.72273302078247    766.320251464844
25.813    6.71878528594971    766.358093261719
25.911    6.72470712661743    766.358093261719
26.009    6.72075939178467    766.510192871094
26.108    6.71681118011475    766.39599609375
26.206    6.72273302078247    766.510192871094
26.304    6.70691633224487    766.320251464844
26.403    6.70691633224487    766.39599609375
26.501    6.70099449157715    766.20654296875
26.599    6.70494270324707    766.320251464844
26.697    6.70889043807983    766.320251464844
26.796    6.70889043807983    766.282348632813
26.894    6.70296859741211    766.320251464844
26.992    6.70296859741211    766.433898925781
27.091    6.69307374954224    766.472290039063
27.189    6.69902086257935    766.510192871094
27.287    6.697021484375    766.39599609375
27.386    6.697021484375    766.548095703125
27.484    6.68517780303955    766.20654296875
27.582    6.6812047958374    766.282348632813
27.681    6.68517780303955    766.358093261719
27.779    6.68517780303955    766.358093261719
27.877    6.68320417404175    766.130249023438
27.975    6.68320417404175    766.282348632813
28.074    6.66738748550415    766.358093261719
28.172    6.68320417404175    766.282348632813
28.27    6.67528295516968    766.092346191406
28.369    6.67528295516968    766.39599609375
28.467    6.67330884933472    766.320251464844
28.565    6.66936111450195    766.358093261719
28.664    6.67528295516968    766.39599609375
28.762    6.67330884933472    766.39599609375
28.86    6.66738748550415    766.433898925781
28.959    6.65749216079712    766.510192871094
29.057    6.65946626663208    766.39599609375
29.155    6.65749216079712    766.39599609375
29.253    6.65551853179932    766.433898925781
29.352    6.65354442596436    766.472290039063
29.45    6.64957141876221    766.282348632813
29.548    6.64957141876221    766.39599609375
29.647    6.64759731292725    766.39599609375
29.745    6.64957141876221    766.358093261719
29.843    6.63970184326172    766.320251464844
29.942    6.64167547225952    766.320251464844
30.04    6.64364957809448    766.358093261719
30.138    6.65157032012939    766.433898925781
30.237    6.6357536315918    766.358093261719
30.335    6.63375425338745    766.282348632813
30.433    6.64562320709229    766.472290039063
30.531    6.63375425338745    766.39599609375
30.63    6.62980651855469    766.244445800781
30.728    6.63178014755249    766.39599609375
30.826    6.62783241271973    766.320251464844
30.925    6.62585830688477    766.358093261719
31.023    6.62783241271973    766.39599609375
31.121    6.62388467788696    766.472290039063
31.22    6.621910572052    766.510192871094
31.318    6.62388467788696    766.320251464844
31.416    6.621910572052    766.282348632813
31.514    6.61201572418213    766.510192871094
31.613    6.61004161834717    766.358093261719
31.711    6.61793756484985    766.39599609375
31.809    6.621910572052    766.433898925781
31.908    6.60411977767944    766.320251464844
32.006    6.61201572418213    766.433898925781
32.104    6.61398935317993    766.433898925781
32.203    6.60411977767944    766.358093261719
32.301    6.60806798934937    766.358093261719
32.399    6.60806798934937    766.244445800781
32.497    6.59619903564453    766.39599609375
32.596    6.60212087631226    766.433898925781
32.694    6.59619903564453    766.39599609375
32.792    6.59422492980957    766.472290039063
32.891    6.60014677047729    766.433898925781
32.989    6.58630418777466    766.39599609375
33.087    6.59225082397461    766.433898925781
33.186    6.58630418777466    766.320251464844
33.284    6.58630418777466    766.320251464844
33.382    6.5843300819397    766.472290039063
33.48    6.58235597610474    766.472290039063
33.579    6.58038234710693    766.320251464844
33.677    6.57446050643921    766.320251464844
33.775    6.57643413543701    766.358093261719
33.874    6.57643413543701    766.433898925781
33.972    6.57840824127197    766.585998535156
34.07    6.56653928756714    766.244445800781
34.169    6.56456565856934    766.39599609375
34.267    6.57446050643921    766.39599609375
34.365    6.5685133934021    766.472290039063
34.463    6.55864381790161    766.320251464844
34.562    6.56653928756714    766.510192871094
34.66    6.56061744689941    766.39599609375
34.758    6.55864381790161    766.510192871094
34.857    6.55864381790161    766.39599609375
34.955    6.55864381790161    766.472290039063
35.053    6.56061744689941    766.433898925781
35.151    6.5526967048645    766.472290039063
35.25    6.5546703338623    766.320251464844
35.348    6.5526967048645    766.433898925781
35.446    6.56061744689941    766.472290039063
35.545    6.57248640060425    766.510192871094
35.643    6.56061744689941    766.472290039063
35.741    6.55864381790161    766.585998535156
35.84    6.5546703338623    766.39599609375
35.938    6.56456565856934    766.510192871094
36.036    6.5546703338623    766.168640136719
36.134    6.5526967048645    766.472290039063
36.233    6.5546703338623    766.39599609375
36.331    6.55666971206665    766.472290039063
36.429    6.54480075836182    766.358093261719
36.528    6.55072259902954    766.39599609375
36.626    6.55666971206665    766.39599609375
36.724    6.5526967048645    766.510192871094
36.823    6.54874849319458    766.39599609375
36.921    6.5526967048645    766.472290039063
37.019    6.54480075836182    766.320251464844
37.117    6.54480075836182    766.433898925781
37.216    6.5368800163269    766.39599609375
37.314    6.54874849319458    766.472290039063
37.412    6.53095817565918    766.39599609375
37.511    6.53293180465698    766.320251464844
37.609    6.5368800163269    766.472290039063
37.707    6.5368800163269    766.585998535156
37.806    6.53885364532471    766.472290039063
37.904    6.53885364532471    766.433898925781
38.002    6.52303695678711    766.20654296875
38.1    6.53490591049194    766.282348632813
38.199    6.52898406982422    766.472290039063
38.297    6.53095817565918    766.39599609375
38.395    6.52303695678711    766.244445800781
38.494    6.52898406982422    766.510192871094
38.592    6.52303695678711    766.433898925781
38.69    6.52503633499146    766.433898925781
38.789    6.53095817565918    766.320251464844
38.887    6.51711511611938    766.244445800781
38.985    6.52106332778931    766.282348632813
39.083    6.52303695678711    766.168640136719
39.182    6.50722026824951    766.168640136719
39.28    6.52303695678711    766.433898925781
39.378    6.51119327545166    766.320251464844
39.477    6.51316738128662    766.39599609375
39.575    6.50327253341675    766.39599609375
39.673    6.50722026824951    766.39599609375
39.772    6.49932479858398    766.39599609375
39.87    6.50524616241455    766.39599609375
39.968    6.50327253341675    766.320251464844
40.066    6.50129842758179    766.433898925781
40.165    6.50524616241455    766.320251464844
40.263    6.49140357971191    766.358093261719
40.361    6.48942947387695    766.320251464844
40.46    6.48942947387695    766.433898925781
40.558    6.48745584487915    766.358093261719
40.656    6.48745584487915    766.510192871094
40.755    6.48942947387695    766.358093261719
40.853    6.48942947387695    766.472290039063
40.951    6.48942947387695    766.244445800781
41.049    6.49340295791626    766.320251464844
41.148    6.48942947387695    766.39599609375
41.246    6.48548173904419    766.548095703125
41.344    6.47955989837646    766.472290039063
41.443    6.48745584487915    766.39599609375
41.541    6.48350763320923    766.244445800781
41.639    6.48745584487915    766.320251464844
41.738    6.47361278533936    766.39599609375
41.836    6.48153400421143    766.39599609375
41.934    6.47758626937866    766.320251464844
42.032    6.46769094467163    766.510192871094
42.131    6.47955989837646    766.39599609375
42.229    6.47361278533936    766.39599609375
42.327    6.45977020263672    766.39599609375
42.426    6.49340295791626    766.39599609375
42.524    6.47955989837646    766.39599609375
42.622    6.48548173904419    766.472290039063
42.721    6.48548173904419    766.282348632813
42.819    6.48153400421143    766.358093261719
42.917    6.48942947387695    766.320251464844
43.015    6.48942947387695    766.39599609375
43.114    6.47558689117432    766.433898925781
43.212    6.48745584487915    766.433898925781
43.31    6.47361278533936    766.320251464844
43.409    6.48153400421143    766.39599609375
43.507    6.47163915634155    766.433898925781
43.605    6.46966505050659    766.244445800781
43.704    6.47361278533936    766.244445800781
43.802    6.46769094467163    766.320251464844
43.9    6.46176910400391    766.358093261719
43.998    6.47361278533936    766.39599609375
44.097    6.45977020263672    766.358093261719
44.195    6.46571731567383    766.548095703125
44.293    6.46571731567383    766.244445800781
44.392    6.47163915634155    766.472290039063
44.49    6.46176910400391    766.20654296875
44.588    6.45977020263672    766.433898925781
44.687    6.44990062713623    766.244445800781
44.785    6.45582246780396    766.358093261719
44.883    6.45384836196899    766.20654296875
44.982    6.45384836196899    766.320251464844
45.08    6.45384836196899    766.320251464844
45.178    6.44990062713623    766.510192871094
45.276    6.45384836196899    766.472290039063
45.375    6.44792652130127    766.510192871094
45.473    6.44197940826416    766.320251464844
45.571    6.43605756759644    766.358093261719
45.67    6.4400053024292    766.358093261719
45.768    6.4400053024292    766.433898925781
45.866    6.43605756759644    766.244445800781
45.965    6.42616271972656    766.472290039063
46.063    6.42616271972656    766.320251464844
46.161    6.4222149848938    766.358093261719
46.259    6.43605756759644    766.510192871094
46.358    6.42813682556152    766.472290039063
46.456    6.4222149848938    766.358093261719
46.554    6.4222149848938    766.39599609375
46.653    6.41826677322388    766.320251464844
46.751    6.43210983276367    766.433898925781
46.849    6.41826677322388    766.320251464844
46.948    6.41826677322388    766.320251464844
47.046    6.42024087905884    766.320251464844
47.144    6.41431903839111    766.39599609375
47.242    6.408371925354    766.130249023438
47.341    6.41826677322388    766.433898925781
47.439    6.4241886138916    766.282348632813
47.537    6.41231966018677    766.510192871094
47.636    6.41231966018677    766.320251464844
47.734    6.41231966018677    766.39599609375
47.832    6.40245008468628    766.244445800781
47.931    6.41231966018677    766.433898925781
48.029    6.408371925354    766.433898925781
48.127    6.40245008468628    766.433898925781
48.225    6.40245008468628    766.320251464844
48.324    6.4063982963562    766.39599609375
48.422    6.4063982963562    766.320251464844
48.52    6.40245008468628    766.39599609375
48.619    6.39850234985352    766.244445800781
48.717    6.40245008468628    766.244445800781
48.815    6.39650297164917    766.282348632813
48.914    6.40245008468628    766.320251464844
49.012    6.39255523681641    766.39599609375
49.11    6.38860750198364    766.320251464844
49.208    6.40047645568848    766.20654296875
49.307    6.39452934265137    766.244445800781
49.405    6.38465976715088    766.282348632813
49.503    6.38860750198364    766.20654296875
49.602    6.38465976715088    766.39599609375
49.7    6.37476444244385    766.472290039063
49.798    6.37476444244385    766.320251464844
49.897    6.37081670761108    766.39599609375
49.995    6.38663339614868    766.39599609375
50.093    6.3905816078186    766.39599609375
50.191    6.38465976715088    766.358093261719
50.29    6.38268566131592    766.472290039063
50.388    6.37081670761108    766.39599609375
50.486    6.37476444244385    766.39599609375
50.585    6.38663339614868    766.39599609375
50.683    6.37279081344604    766.433898925781
50.781    6.37476444244385    766.39599609375
50.88    6.36289596557617    766.472290039063
50.978    6.36092185974121    766.472290039063
51.076    6.36486959457397    766.472290039063
51.174    6.36686897277832    766.282348632813
51.273    6.36092185974121    766.472290039063
51.371    6.36486959457397    766.320251464844
51.469    6.36092185974121    766.510192871094
51.568    6.35894775390625    766.320251464844
51.666    6.36486959457397    766.510192871094
51.764    6.36884307861328    766.472290039063
51.863    6.35302591323853    766.472290039063
51.961    6.36289596557617    766.472290039063
52.059    6.35302591323853    766.39599609375
52.157    6.34905290603638    766.282348632813
52.256    6.35697412490845    766.39599609375
52.354    6.34313106536865    766.433898925781
52.452    6.34313106536865    766.433898925781
52.551    6.34707880020142    766.510192871094
52.649    6.34115743637085    766.320251464844
52.747    6.34510517120361    766.39599609375
52.846    6.34707880020142    766.433898925781
52.944    6.33720922470093    766.39599609375
53.042    6.34707880020142    766.548095703125
53.14    6.32731437683105    766.320251464844
53.239    6.35302591323853    766.433898925781
53.337    6.3905816078186    766.472290039063
53.435    6.38465976715088    766.39599609375
53.534    6.38068628311157    766.433898925781
53.632    6.36686897277832    766.548095703125
53.73    6.37081670761108    766.320251464844
53.829    6.36884307861328    766.472290039063
53.927    6.38068628311157    766.472290039063
54.025    6.36289596557617    766.320251464844
54.123    6.36289596557617    766.320251464844
54.222    6.36289596557617    766.433898925781
54.32    6.36884307861328    766.39599609375
54.418    6.36884307861328    766.472290039063
54.517    6.36289596557617    766.472290039063
54.615    6.35894775390625    766.548095703125
54.713    6.35894775390625    766.510192871094
54.812    6.35697412490845    766.39599609375
54.91    6.35697412490845    766.433898925781
55.008    6.35500001907349    766.39599609375
55.107    6.35302591323853    766.20654296875
55.205    6.35697412490845    766.433898925781
55.303    6.34905290603638    766.585998535156
55.401    6.35697412490845    766.433898925781
55.5    6.35500001907349    766.472290039063
55.598    6.34510517120361    766.39599609375
55.696    6.34707880020142    766.472290039063
55.795    6.34905290603638    766.510192871094
55.893    6.33523559570313    766.358093261719
55.991    6.33523559570313    766.472290039063
56.089    6.34707880020142    766.472290039063
56.188    6.34313106536865    766.092346191406
56.286    6.33720922470093    766.320251464844
56.384    6.34313106536865    766.472290039063
56.483    6.33918333053589    766.433898925781
56.581    6.33918333053589    766.510192871094
56.679    6.33918333053589    766.320251464844
56.778    6.32731437683105    766.39599609375
56.876    6.32139253616333    766.168640136719
56.974    6.32336664199829    766.282348632813
57.073    6.33720922470093    766.39599609375
57.171    6.32534074783325    766.39599609375
57.269    6.31544542312622    766.320251464844
57.367    6.33323621749878    766.39599609375
57.466    6.33918333053589    766.472290039063
57.564    6.32928848266602    766.472290039063
57.662    6.32534074783325    766.472290039063
57.761    6.32139253616333    766.39599609375
57.859    6.32534074783325    766.358093261719
57.957    6.32534074783325    766.39599609375
58.055    6.31941890716553    766.358093261719
58.154    6.32928848266602    766.472290039063
58.252    6.3095235824585    766.39599609375
58.35    6.32534074783325    766.320251464844
58.449    6.32534074783325    766.39599609375
58.547    6.33126211166382    766.320251464844
58.645    6.33126211166382    766.244445800781
58.744    6.31941890716553    766.39599609375
58.842    6.32731437683105    766.39599609375
58.94    6.32731437683105    766.472290039063
59.038    6.31941890716553    766.433898925781
59.137    6.32731437683105    766.510192871094
59.235    6.32928848266602    766.510192871094
59.333    6.31741952896118    766.320251464844
59.432    6.31741952896118    766.433898925781
59.53    6.32336664199829    766.472290039063
59.628    6.31741952896118    766.39599609375
59.727    6.31741952896118    766.39599609375
59.825    6.31941890716553    766.39599609375
59.923    6.31741952896118    766.39599609375
60.1    -15.221022605896    -220.152236938477
60.199    -8.53449249267578    -220.265914916992
60.297    -6.07300424575806    -220.22802734375
60.395    -4.71473932266235    -220.114334106445
60.494    -3.80528974533081    -220.190124511719
60.592    -3.23193955421448    -220.265914916992
60.69    -2.75543832778931    -220.380096435547
60.788    -2.29280519485474    -220.342193603516
60.887    -1.92902028560638    -220.22802734375
60.985    -1.61860740184784    -220.303817749023
61.083    -1.35566997528076    -220.303817749023
61.182    -1.1836599111557    -220.265914916992
61.28    -1.05909991264343    -220.152236938477
61.378    -0.983964085578918    -220.265914916992
61.477    -0.924670338630676    -220.22802734375
61.575    -0.87919408082962    -220.380096435547
61.673    -0.849534511566162    -220.342193603516
61.772    -0.831743896007538    -220.303817749023
61.87    -0.813953220844269    -220.076446533203
61.968    -0.79613721370697    -220.190124511719
62.067    -0.79613721370697    -220.417999267578
62.165    -0.780320525169373    -220.114334106445
62.263    -0.762529850006104    -220.303817749023
62.362    -0.75858199596405    -220.190124511719
62.46    -0.754634141921997    -220.22802734375
62.558    -0.754634141921997    -220.190124511719
62.657    -0.744739174842834    -220.038543701172
62.755    -0.736843466758728    -220.190124511719
62.853    -0.728922426700592    -220.152236938477
62.951    -0.732870280742645    -220.190124511719
63.05    -0.717053592205048    -220.114334106445
63.148    -0.724974572658539    -220.342193603516
63.246    -0.728922426700592    -220.152236938477
63.345    -0.723000645637512    -220.265914916992
63.443    -0.715079665184021    -220.342193603516
63.541    -0.724974572658539    -220.380096435547
63.64    -0.715079665184021    -220.265914916992
63.738    -0.717053592205048    -220.265914916992
63.836    -0.711131811141968    -220.114334106445
63.935    -0.709157884120941    -220.417999267578
64.033    -0.717053592205048    -220.190124511719
64.131    -0.713105738162994    -220.22802734375
64.23    -0.711131811141968    -220.114334106445
64.328    -0.713105738162994    -220.114334106445
64.426    -0.699262917041779    -220.342193603516
64.524    -0.701236844062805    -220.265914916992
64.623    -0.695315062999725    -220.342193603516
64.721    -0.693341135978699    -220.303817749023
64.819    -0.693341135978699    -220.114334106445
64.918    -0.693341135978699    -220.152236938477
65.016    -0.693341135978699    -220.038543701172
65.114    -0.689393281936646    -220.190124511719
65.213    -0.685420095920563    -220.303817749023
65.311    -0.697288990020752    -220.380096435547
65.409    -0.679498314857483    -220.342193603516
65.508    -0.679498314857483    -220.342193603516
65.606    -0.679498314857483    -220.265914916992
65.704    -0.695315062999725    -220.342193603516
65.802    -0.68147224187851    -220.190124511719
65.901    -0.683446168899536    -220.342193603516
65.999    -0.683446168899536    -220.038543701172
66.097    -0.687419354915619    -220.152236938477
66.196    -0.68147224187851    -220.038543701172
66.294    -0.673576533794403    -220.265914916992
66.392    -0.679498314857483    -220.22802734375
66.491    -0.691367208957672    -220.303817749023
66.589    -0.685420095920563    -220.265914916992
66.687    -0.683446168899536    -220.265914916992
66.786    -0.683446168899536    -220.45588684082
66.884    -0.683446168899536    -220.303817749023
66.982    -0.685420095920563    -220.190124511719
67.081    -0.68147224187851    -220.190124511719
67.179    -0.673576533794403    -220.190124511719
67.277    -0.66960334777832    -220.303817749023
67.375    -0.673576533794403    -220.152236938477
67.474    -0.671602606773376    -220.493789672852
67.572    -0.671602606773376    -220.190124511719
67.67    -0.66960334777832    -220.265914916992
67.769    -0.673576533794403    -220.190124511719
67.867    -0.66368156671524    -220.380096435547
67.965    -0.667629420757294    -220.038543701172
68.064    -0.66368156671524    -220.190124511719
68.162    -0.66368156671524    -220.265914916992
68.26    -0.67555046081543    -220.417999267578
68.359    -0.66960334777832    -220.076446533203
68.457    -0.67555046081543    -220.380096435547
68.555    -0.667629420757294    -220.190124511719
68.654    -0.66368156671524    -220.342193603516
68.752    -0.673576533794403    -220.114334106445
68.85    -0.66960334777832    -220.265914916992
68.948    -0.665655493736267    -220.076446533203
69.047    -0.66368156671524    -220.342193603516
69.145    -0.667629420757294    -220.22802734375
69.243    -0.66960334777832    -220.493789672852
69.342    -0.661707639694214    -220.22802734375
69.44    -0.655785858631134    -220.380096435547
69.538    -0.667629420757294    -220.22802734375
69.637    -0.659733712673187    -220.265914916992
69.735    -0.665655493736267    -220.22802734375
69.833    -0.667629420757294    -220.22802734375
69.932    -0.661707639694214    -220.190124511719
70.03    -0.66368156671524    -220.190124511719
70.128    -0.66368156671524    -220.417999267578
70.226    -0.659733712673187    -220.190124511719
70.325    -0.661707639694214    -220.265914916992
70.423    -0.66368156671524    -220.303817749023
70.521    -0.667629420757294    -220.303817749023
70.62    -0.66368156671524    -220.303817749023
70.718    -0.661707639694214    -220.417999267578
70.816    -0.661707639694214    -220.152236938477
70.915    -0.66368156671524    -220.114334106445
71.013    -0.661707639694214    -220.380096435547
71.111    -0.665655493736267    -220.22802734375
71.21    -0.657759785652161    -220.342193603516
71.308    -0.661707639694214    -220.190124511719
71.406    -0.653786659240723    -220.45588684082
71.504    -0.657759785652161    -220.265914916992
71.603    -0.657759785652161    -220.417999267578
71.701    -0.657759785652161    -220.114334106445
71.799    -0.661707639694214    -220.22802734375
71.898    -0.655785858631134    -220.190124511719
71.996    -0.661707639694214    -220.380096435547
72.094    -0.657759785652161    -220.303817749023
72.193    -0.66368156671524    -220.303817749023
72.291    -0.653786659240723    -220.152236938477
72.389    -0.655785858631134    -220.342193603516
72.488    -0.661707639694214    -220.076446533203
72.586    -0.653786659240723    -220.380096435547
72.684    -0.661707639694214    -220.114334106445
72.782    -0.655785858631134    -220.417999267578
72.881    -0.651812732219696    -220.265914916992
72.979    -0.649838805198669    -220.417999267578
73.077    -0.661707639694214    -220.190124511719
73.176    -0.661707639694214    -220.22802734375
73.274    -0.653786659240723    -220.152236938477
73.372    -0.661707639694214    -220.190124511719
73.471    -0.653786659240723    -220.190124511719
73.569    -0.657759785652161    -220.265914916992
73.667    -0.653786659240723    -220.342193603516
73.766    -0.655785858631134    -220.038543701172
73.864    -0.653786659240723    -220.190124511719
73.962    -0.659733712673187    -220.342193603516
74.06    -0.655785858631134    -220.265914916992
74.159    -0.651812732219696    -220.303817749023
74.257    -0.645890951156616    -220.152236938477
74.355    -0.655785858631134    -220.342193603516
74.454    -0.649838805198669    -220.114334106445
74.552    -0.653786659240723    -220.45588684082
74.65    -0.657759785652161    -220.265914916992
74.749    -0.659733712673187    -220.190124511719
74.847    -0.653786659240723    -220.342193603516
74.945    -0.651812732219696    -220.342193603516
75.044    -0.649838805198669    -220.152236938477
75.142    -0.64391702413559    -220.190124511719
75.24    -0.651812732219696    -220.417999267578
75.339    -0.645890951156616    -220.493789672852
75.437    -0.649838805198669    -220.114334106445
75.535    -0.653786659240723    -220.417999267578
75.633    -0.649838805198669    -220.190124511719
75.732    -0.649838805198669    -220.417999267578
75.83    -0.649838805198669    -220.114334106445
75.928    -0.651812732219696    -220.190124511719
76.027    -0.657759785652161    -220.152236938477
76.125    -0.657759785652161    -220.342193603516
76.223    -0.649838805198669    -220.342193603516
76.322    -0.649838805198669    -220.342193603516
76.42    -0.651812732219696    -219.962265014648
76.518    -0.64391702413559    -220.265914916992
76.617    -0.649838805198669    -220.114334106445
76.715    -0.651812732219696    -220.265914916992
76.813    -0.657759785652161    -220.265914916992
76.912    -0.645890951156616    -220.152236938477
77.01    -0.641943097114563    -220.152236938477
77.108    -0.651812732219696    -220.152236938477
77.206    -0.651812732219696    -220.303817749023
77.305    -0.645890951156616    -220.265914916992
77.403    -0.649838805198669    -220.114334106445
77.501    -0.641943097114563    -220.380096435547
77.6    -0.653786659240723    -220.342193603516
77.698    -0.641943097114563    -220.342193603516
77.796    -0.639969170093536    -220.190124511719
77.895    -0.647864878177643    -220.190124511719
77.993    -0.649838805198669    -220.114334106445
78.091    -0.651812732219696    -220.22802734375
78.19    -0.651812732219696    -220.265914916992
78.288    -0.649838805198669    -220.190124511719
78.386    -0.653786659240723    -220.114334106445
78.484    -0.649838805198669    -220.380096435547
78.583    -0.641943097114563    -220.190124511719
78.681    -0.647864878177643    -220.45588684082
78.779    -0.64391702413559    -220.190124511719
78.878    -0.64391702413559    -220.342193603516
78.976    -0.64391702413559    -220.114334106445
79.074    -0.641943097114563    -220.45588684082
79.173    -0.647864878177643    -220.22802734375
79.271    -0.641943097114563    -220.417999267578
79.369    -0.645890951156616    -220.190124511719
79.468    -0.639969170093536    -220.265914916992
79.566    -0.647864878177643    -220.114334106445
79.664    -0.653786659240723    -220.303817749023
79.762    -0.647864878177643    -220.265914916992
79.861    -0.649838805198669    -220.303817749023
79.959    -0.647864878177643    -220.265914916992
80.057    -0.651812732219696    -220.152236938477
80.156    -0.639969170093536    -220.114334106445
80.254    -0.641943097114563    -220.342193603516
80.352    -0.635995984077454    -220.380096435547
80.451    -0.645890951156616    -220.265914916992
80.549    -0.641943097114563    -220.22802734375
80.647    -0.641943097114563    -220.342193603516
80.746    -0.641943097114563    -220.152236938477
80.844    -0.639969170093536    -220.265914916992
80.942    -0.639969170093536    -220.342193603516
81.04    -0.639969170093536    -220.265914916992
81.139    -0.645890951156616    -220.303817749023
81.237    -0.64391702413559    -220.342193603516
81.335    -0.641943097114563    -220.22802734375
81.434    -0.639969170093536    -220.342193603516
81.532    -0.649838805198669    -220.038543701172
81.63    -0.63796991109848    -220.265914916992
81.729    -0.639969170093536    -220.076446533203
81.827    -0.64391702413559    -220.265914916992
81.925    -0.63796991109848    -220.190124511719
82.023    -0.641943097114563    -220.265914916992
82.122    -0.639969170093536    -220.038543701172
82.22    -0.63796991109848    -220.265914916992
82.318    -0.630074203014374    -220.152236938477
82.417    -0.628100275993347    -220.265914916992
82.515    -0.639969170093536    -220.076446533203
82.613    -0.635995984077454    -220.417999267578
82.712    -0.634022057056427    -220.22802734375
82.81    -0.635995984077454    -220.417999267578
82.908    -0.630074203014374    -220.190124511719
83.006    -0.630074203014374    -220.342193603516
83.105    -0.63796991109848    -220.038543701172
83.203    -0.635995984077454    -220.038543701172
83.301    -0.634022057056427    -220.152236938477
83.4    -0.634022057056427    -220.22802734375
83.498    -0.634022057056427    -220.22802734375
83.596    -0.641943097114563    -220.190124511719
83.695    -0.628100275993347    -220.114334106445
83.793    -0.634022057056427    -220.114334106445
83.891    -0.6320481300354    -220.342193603516
83.99    -0.641943097114563    -220.265914916992
84.088    -0.634022057056427    -220.190124511719
84.186    -0.639969170093536    -220.45588684082
84.284    -0.630074203014374    -220.114334106445
84.383    -0.635995984077454    -220.265914916992
84.481    -0.630074203014374    -220.342193603516
84.579    -0.63796991109848    -220.417999267578
84.678    -0.641943097114563    -220.00016784668
84.776    -0.635995984077454    -220.265914916992
84.874    -0.626126348972321    -220.114334106445
84.973    -0.641943097114563    -220.342193603516
85.071    -0.6320481300354    -220.265914916992
85.169    -0.624152421951294    -220.303817749023
85.268    -0.628100275993347    -220.190124511719
85.366    -0.635995984077454    -220.342193603516
85.464    -0.6320481300354    -220.114334106445
85.562    -0.6320481300354    -220.380096435547
85.661    -0.641943097114563    -220.22802734375
85.759    -0.634022057056427    -220.303817749023
85.857    -0.628100275993347    -220.190124511719
85.956    -0.630074203014374    -220.114334106445
86.054    -0.630074203014374    -220.190124511719
86.152    -0.622153162956238    -220.152236938477
86.251    -0.634022057056427    -220.342193603516
86.349    -0.624152421951294    -220.152236938477
86.447    -0.630074203014374    -220.190124511719
86.546    -0.628100275993347    -220.380096435547
86.644    -0.630074203014374    -220.114334106445
86.742    -0.618205308914185    -220.190124511719
86.84    -0.63796991109848    -220.076446533203
86.939    -0.628100275993347    -220.038543701172
87.037    -0.6320481300354    -220.114334106445
87.135    -0.630074203014374    -220.380096435547
87.234    -0.6320481300354    -220.190124511719
87.332    -0.630074203014374    -220.265914916992
87.43    -0.634022057056427    -220.22802734375
87.529    -0.624152421951294    -220.342193603516
87.627    -0.628100275993347    -220.190124511719
87.725    -0.630074203014374    -220.417999267578
87.824    -0.624152421951294    -220.038543701172
87.922    -0.630074203014374    -220.190124511719
88.02    -0.624152421951294    -220.114334106445
88.118    -0.6320481300354    -220.45588684082
88.217    -0.628100275993347    -220.342193603516
88.315    -0.620179235935211    -220.342193603516
88.413    -0.626126348972321    -220.303817749023
88.512    -0.628100275993347    -220.265914916992
88.61    -0.628100275993347    -220.152236938477
88.708    -0.626126348972321    -220.265914916992
88.807    -0.618205308914185    -220.152236938477
88.905    -0.624152421951294    -220.45588684082
89.003    -0.626126348972321    -220.22802734375
89.101    -0.620179235935211    -220.114334106445
89.2    -0.622153162956238    -220.265914916992
89.298    -0.626126348972321    -220.303817749023
89.396    -0.616231381893158    -220.152236938477
89.495    -0.620179235935211    -220.342193603516
89.593    -0.622153162956238    -220.114334106445
89.691    -0.628100275993347    -220.152236938477
89.79    -0.620179235935211    -220.303817749023
89.888    -0.616231381893158    -220.265914916992
89.986    -0.624152421951294    -220.303817749023
90.085    -0.620179235935211    -220.190124511719
90.183    -0.624152421951294    -220.265914916992
90.281    -0.620179235935211    -220.303817749023
90.379    -0.624152421951294    -220.152236938477
90.478    -0.624152421951294    -220.265914916992
90.576    -0.618205308914185    -220.417999267578
90.674    -0.624152421951294    -220.265914916992
90.773    -0.620179235935211    -220.190124511719
90.871    -0.616231381893158    -220.303817749023
90.969    -0.624152421951294    -220.190124511719
91.068    -0.620179235935211    -220.380096435547
91.166    -0.620179235935211    -220.303817749023
91.264    -0.630074203014374    -220.342193603516
91.363    -0.620179235935211    -220.265914916992
91.461    -0.604362487792969    -220.265914916992
91.559    -0.614257454872131    -220.152236938477
91.657    -0.634022057056427    -220.265914916992
91.756    -0.618205308914185    -220.265914916992
91.854    -0.618205308914185    -220.493789672852
91.952    -0.612283527851105    -220.265914916992
92.051    -0.612283527851105    -220.114334106445
92.149    -0.616231381893158    -220.265914916992
92.247    -0.628100275993347    -220.152236938477
92.346    -0.616231381893158    -220.265914916992
92.444    -0.630074203014374    -220.190124511719
92.542    -0.616231381893158    -220.265914916992
92.641    -0.620179235935211    -220.342193603516
92.739    -0.614257454872131    -220.22802734375
92.837    -0.616231381893158    -220.265914916992
92.935    -0.608335673809052    -220.265914916992
93.034    -0.614257454872131    -220.303817749023
93.132    -0.614257454872131    -220.190124511719
93.23    -0.618205308914185    -220.342193603516
93.329    -0.614257454872131    -220.190124511719
93.427    -0.608335673809052    -220.114334106445
93.525    -0.624152421951294    -220.038543701172
93.624    -0.614257454872131    -220.114334106445
93.722    -0.614257454872131    -220.152236938477
93.82    -0.612283527851105    -220.190124511719
93.919    -0.606336414813995    -220.303817749023
94.017    -0.614257454872131    -220.265914916992
94.115    -0.600414633750916    -220.190124511719
94.213    -0.608335673809052    -220.190124511719
94.312    -0.618205308914185    -220.152236938477
94.41    -0.606336414813995    -220.114334106445
94.508    -0.618205308914185    -220.190124511719
94.607    -0.612283527851105    -220.303817749023
94.705    -0.610309600830078    -220.114334106445
94.803    -0.602388560771942    -220.342193603516
94.902    -0.608335673809052    -220.22802734375
95    -0.608335673809052    -220.342193603516
95.098    -0.606336414813995    -220.265914916992
95.197    -0.608335673809052    -220.22802734375
95.295    -0.604362487792969    -220.22802734375
95.393    -0.610309600830078    -220.265914916992
95.492    -0.614257454872131    -220.265914916992
95.59    -0.618205308914185    -220.265914916992
95.688    -0.608335673809052    -220.342193603516
95.786    -0.616231381893158    -220.417999267578
95.885    -0.606336414813995    -220.265914916992
95.983    -0.614257454872131    -220.342193603516
96.081    -0.612283527851105    -220.265914916992
96.18    -0.602388560771942    -220.190124511719
96.278    -0.602388560771942    -220.342193603516
96.376    -0.620179235935211    -220.342193603516
96.475    -0.604362487792969    -220.265914916992
96.573    -0.602388560771942    -220.45588684082
96.671    -0.606336414813995    -220.114334106445
96.769    -0.606336414813995    -220.265914916992
96.868    -0.606336414813995    -220.265914916992
96.966    -0.600414633750916    -220.190124511719
97.064    -0.610309600830078    -220.114334106445
97.163    -0.606336414813995    -220.417999267578
97.261    -0.602388560771942    -220.190124511719
97.359    -0.608335673809052    -220.303817749023
97.458    -0.606336414813995    -220.190124511719
97.556    -0.602388560771942    -220.114334106445
97.654    -0.606336414813995    -220.265914916992
97.753    -0.608335673809052    -220.417999267578
97.851    -0.606336414813995    -220.342193603516
97.949    -0.596466779708862    -220.531677246094
98.048    -0.596466779708862    -220.190124511719
98.146    -0.598440706729889    -220.45588684082
98.244    -0.606336414813995    -220.190124511719
98.342    -0.608335673809052    -220.303817749023
98.441    -0.606336414813995    -220.265914916992
98.539    -0.604362487792969    -220.22802734375
98.637    -0.598440706729889    -220.265914916992
98.736    -0.598440706729889    -220.45588684082
98.834    -0.598440706729889    -220.303817749023
98.932    -0.610309600830078    -220.303817749023
99.031    -0.604362487792969    -219.924362182617
99.129    -0.598440706729889    -220.265914916992
99.227    -0.594492852687836    -220.190124511719
99.326    -0.602388560771942    -220.190124511719
99.424    -0.604362487792969    -220.190124511719
99.522    -0.602388560771942    -220.417999267578
99.62    -0.598440706729889    -220.265914916992
99.719    -0.604362487792969    -220.380096435547
99.817    -0.606336414813995    -220.303817749023
99.915    -0.606336414813995    -220.342193603516
100.014    -0.602388560771942    -220.190124511719
100.112    -0.600414633750916    -220.190124511719
100.21    -0.604362487792969    -220.265914916992
100.309    -0.600414633750916    -220.265914916992
100.407    -0.600414633750916    -220.380096435547
100.505    -0.602388560771942    -220.265914916992
100.604    -0.592518925666809    -220.190124511719
100.702    -0.596466779708862    -220.342193603516
100.8    -0.602388560771942    -220.190124511719
100.898    -0.590519726276398    -220.342193603516
100.997    -0.602388560771942    -220.114334106445
101.095    -0.606336414813995    -220.265914916992
101.193    -0.596466779708862    -220.380096435547
101.292    -0.600414633750916    -220.303817749023
101.39    -0.594492852687836    -220.190124511719
101.488    -0.606336414813995    -220.342193603516
101.587    -0.594492852687836    -220.190124511719
101.685    -0.596466779708862    -220.380096435547
101.783    -0.592518925666809    -220.342193603516
101.882    -0.602388560771942    -220.45588684082
101.98    -0.592518925666809    -220.152236938477
102.078    -0.590519726276398    -220.380096435547
102.176    -0.598440706729889    -220.342193603516
102.275    -0.600414633750916    -220.417999267578
102.373    -0.602388560771942    -220.190124511719
102.471    -0.588545799255371    -220.265914916992
102.57    -0.592518925666809    -220.152236938477
102.668    -0.596466779708862    -220.190124511719
102.766    -0.590519726276398    -220.152236938477
102.865    -0.598440706729889    -220.342193603516
102.963    -0.592518925666809    -220.265914916992
103.061    -0.594492852687836    -220.265914916992
103.159    -0.592518925666809    -220.190124511719
103.258    -0.590519726276398    -220.265914916992
103.356    -0.596466779708862    -220.265914916992
103.454    -0.608335673809052    -220.265914916992
103.553    -0.598440706729889    -220.265914916992
103.651    -0.586571872234344    -220.190124511719
103.749    -0.592518925666809    -220.22802734375
103.848    -0.596466779708862    -220.190124511719
103.946    -0.588545799255371    -220.265914916992
104.044    -0.586571872234344    -220.380096435547
104.143    -0.596466779708862    -220.114334106445
104.241    -0.590519726276398    -220.265914916992
104.339    -0.594492852687836    -220.342193603516
104.437    -0.596466779708862    -220.380096435547
104.536    -0.592518925666809    -220.303817749023
104.634    -0.586571872234344    -220.342193603516
104.732    -0.596466779708862    -220.22802734375
104.831    -0.596466779708862    -220.265914916992
104.929    -0.592518925666809    -220.22802734375
105.027    -0.588545799255371    -220.22802734375
105.126    -0.590519726276398    -220.22802734375
105.224    -0.590519726276398    -220.342193603516
105.322    -0.592518925666809    -220.303817749023
105.421    -0.600414633750916    -220.493789672852
105.519    -0.584597945213318    -220.303817749023
105.617    -0.588545799255371    -220.380096435547
105.715    -0.578676164150238    -220.076446533203
105.814    -0.584597945213318    -220.342193603516
105.912    -0.600414633750916    -220.22802734375
106.01    -0.588545799255371    -220.417999267578
106.109    -0.584597945213318    -220.22802734375
106.207    -0.578676164150238    -220.45588684082
106.305    -0.586571872234344    -220.152236938477
106.404    -0.588545799255371    -220.190124511719
106.502    -0.588545799255371    -220.303817749023
106.6    -0.590519726276398    -220.190124511719
106.699    -0.584597945213318    -220.114334106445
106.797    -0.588545799255371    -220.22802734375
106.895    -0.590519726276398    -220.190124511719
106.993    -0.584597945213318    -220.380096435547
107.092    -0.586571872234344    -220.265914916992
107.19    -0.596466779708862    -220.342193603516
107.288    -0.586571872234344    -220.265914916992
107.387    -0.586571872234344    -220.342193603516
107.485    -0.588545799255371    -220.342193603516
107.583    -0.582624018192291    -220.417999267578
107.682    -0.584597945213318    -220.342193603516
107.78    -0.592518925666809    -220.417999267578
107.878    -0.584597945213318    -220.303817749023
107.977    -0.580650091171265    -220.265914916992
108.075    -0.588545799255371    -220.22802734375
108.173    -0.582624018192291    -220.342193603516
108.271    -0.586571872234344    -220.380096435547
108.37    -0.594492852687836    -220.380096435547
108.468    -0.580650091171265    -220.190124511719
108.566    -0.574702978134155    -220.190124511719
108.665    -0.594492852687836    -220.076446533203
108.763    -0.588545799255371    -220.342193603516
108.861    -0.586571872234344    -220.152236938477
108.96    -0.580650091171265    -220.303817749023
109.058    -0.590519726276398    -220.380096435547
109.156    -0.586571872234344    -220.342193603516
109.255    -0.590519726276398    -220.342193603516
109.353    -0.584597945213318    -220.22802734375
109.451    -0.586571872234344    -220.342193603516
109.549    -0.584597945213318    -220.303817749023
109.648    -0.584597945213318    -220.190124511719
109.746    -0.586571872234344    -220.45588684082
109.844    -0.584597945213318    -220.076446533203
109.943    -0.586571872234344    -220.342193603516
110.041    -0.584597945213318    -220.265914916992
110.139    -0.588545799255371    -220.303817749023
110.238    -0.586571872234344    -220.190124511719
110.336    -0.584597945213318    -220.114334106445
110.434    -0.580650091171265    -220.265914916992
110.533    -0.582624018192291    -220.342193603516
110.631    -0.584597945213318    -220.303817749023
110.729    -0.584597945213318    -220.114334106445
110.827    -0.580650091171265    -220.303817749023
110.926    -0.570755124092102    -220.417999267578
111.024    -0.580650091171265    -220.152236938477
111.122    -0.582624018192291    -220.417999267578
111.221    -0.578676164150238    -220.265914916992
111.319    -0.592518925666809    -220.22802734375
111.417    -0.576702237129211    -220.265914916992
111.516    -0.580650091171265    -220.22802734375
111.614    -0.584597945213318    -220.493789672852
111.712    -0.576702237129211    -220.114334106445
111.81    -0.580650091171265    -220.190124511719
111.909    -0.582624018192291    -220.265914916992
112.007    -0.586571872234344    -220.22802734375
112.105    -0.592518925666809    -220.303817749023
112.204    -0.570755124092102    -220.114334106445
112.302    -0.580650091171265    -220.190124511719
112.4    -0.584597945213318    -220.265914916992
112.499    -0.584597945213318    -220.417999267578
112.597    -0.576702237129211    -220.22802734375
112.695    -0.576702237129211    -220.531677246094
112.794    -0.580650091171265    -220.303817749023
112.892    -0.580650091171265    -220.342193603516
112.99    -0.586571872234344    -220.265914916992
113.088    -0.586571872234344    -220.417999267578
113.187    -0.580650091171265    -220.265914916992
113.285    -0.568781197071075    -220.265914916992
113.383    -0.576702237129211    -220.417999267578
113.482    -0.576702237129211    -220.303817749023
113.58    -0.580650091171265    -220.303817749023
113.678    -0.578676164150238    -220.417999267578
113.777    -0.574702978134155    -220.265914916992
113.875    -0.572729051113129    -220.342193603516
113.973    -0.580650091171265    -220.265914916992
114.072    -0.580650091171265    -220.342193603516
114.17    -0.582624018192291    -220.190124511719
114.268    -0.582624018192291    -220.114334106445
114.366    -0.578676164150238    -220.342193603516
114.465    -0.584597945213318    -220.303817749023
114.563    -0.584597945213318    -220.417999267578
114.661    -0.572729051113129    -220.380096435547
114.76    -0.574702978134155    -220.190124511719
114.858    -0.574702978134155    -220.265914916992
114.956    -0.576702237129211    -220.114334106445
115.055    -0.570755124092102    -220.265914916992
115.153    -0.574702978134155    -220.152236938477
115.251    -0.574702978134155    -220.076446533203
115.349    -0.576702237129211    -220.342193603516
115.448    -0.574702978134155    -220.22802734375
115.546    -0.574702978134155    -220.493789672852
115.644    -0.580650091171265    -220.190124511719
115.743    -0.584597945213318    -220.265914916992
115.841    -0.576702237129211    -220.303817749023
115.939    -0.580650091171265    -220.493789672852
116.038    -0.574702978134155    -220.265914916992
116.136    -0.578676164150238    -220.303817749023
116.234    -0.580650091171265    -220.342193603516
116.333    -0.578676164150238    -220.342193603516
116.431    -0.574702978134155    -220.303817749023
116.529    -0.586571872234344    -220.22802734375
116.628    -0.574702978134155    -220.265914916992
116.726    -0.580650091171265    -220.45588684082
116.824    -0.574702978134155    -220.265914916992
116.922    -0.582624018192291    -220.417999267578
117.021    -0.578676164150238    -220.303817749023
117.119    -0.570755124092102    -220.417999267578
117.217    -0.566807270050049    -220.265914916992
117.316    -0.580650091171265    -220.342193603516
117.414    -0.574702978134155    -220.303817749023
117.512    -0.580650091171265    -220.342193603516
117.611    -0.574702978134155    -220.114334106445
117.709    -0.578676164150238    -220.342193603516
117.807    -0.576702237129211    -220.265914916992
117.906    -0.576702237129211    -220.342193603516
118.004    -0.580650091171265    -220.303817749023
118.102    -0.580650091171265    -220.303817749023
118.2    -0.576702237129211    -220.076446533203
118.299    -0.572729051113129    -220.190124511719
118.397    -0.572729051113129    -220.265914916992
118.495    -0.580650091171265    -220.342193603516
118.594    -0.576702237129211    -220.265914916992
118.692    -0.584597945213318    -220.22802734375
118.79    -0.578676164150238    -220.265914916992
118.889    -0.576702237129211    -220.22802734375
118.987    -0.574702978134155    -220.190124511719
119.085    -0.576702237129211    -220.22802734375
119.184    -0.570755124092102    -220.22802734375
119.282    -0.570755124092102    -220.265914916992
119.38    -0.570755124092102    -220.22802734375
119.478    -0.576702237129211    -220.380096435547
119.577    -0.576702237129211    -220.342193603516
119.675    -0.568781197071075    -220.265914916992
119.773    -0.564833343029022    -220.114334106445
119.872    -0.574702978134155    -220.22802734375
119.97    -0.576702237129211    -220.190124511719
