sec"   "mA"   "mV
0.154    31.9966735839844    785.993591308594
0.252    27.552396774292    785.955688476563
0.351    25.1264381408691    786.069396972656
0.449    22.4289703369141    786.486877441406
0.547    20.0030117034912    786.107299804688
0.646    18.9552249908447    786.145202636719
0.744    17.2474155426025    785.993591308594
0.842    16.0635013580322    786.638977050781
0.941    16.0053730010986    786.18310546875
1.039    14.821457862854    786.259399414063
1.137    14.821457862854    786.069396972656
1.236    13.8705492019653    786.335205078125
1.334    14.0451812744141    786.107299804688
1.432    13.5600385665894    785.841430664063
1.531    12.6672582626343    786.145202636719
1.629    12.5897550582886    786.411010742188
1.727    11.7938537597656    786.297302246094
1.825    12.143364906311    786.069396972656
1.924    11.5804710388184    786.259399414063
2.022    11.6775989532471    786.221496582031
2.12    10.8819465637207    786.60107421875
2.219    11.3087120056152    786.676879882813
2.317    11.8716058731079    786.145202636719
2.415    10.5714359283447    786.676879882813
2.514    11.6582231521606    786.221496582031
2.612    10.8819465637207    786.259399414063
2.71    11.5223436355591    785.841430664063
2.809    10.8429460525513    786.411010742188
2.907    10.3384284973145    786.411010742188
3.005    10.7654428482056    786.107299804688
3.104    10.2803010940552    786.221496582031
3.202    11.2312088012695    786.069396972656
3.3    10.2219247817993    786.221496582031
3.399    10.5324354171753    786.145202636719
3.497    10.0860452651978    786.18310546875
3.595    9.81453514099121    786.486877441406
3.693    10.7266912460327    786.031494140625
3.792    10.0860452651978    786.563171386719
3.89    10.8819465637207    786.335205078125
3.988    10.8235702514648    785.993591308594
4.087    10.6489391326904    786.18310546875
4.185    10.1831731796265    786.069396972656
4.283    9.56215190887451    786.145202636719
4.382    10.1831731796265    786.486877441406
4.48    9.79515933990479    786.411010742188
4.578    10.0279178619385    786.259399414063
4.677    9.81453514099121    786.411010742188
4.775    9.81453514099121    786.259399414063
4.873    9.77553462982178    786.335205078125
4.971    9.29039287567139    786.448974609375
5.07    10.4355564117432    786.145202636719
5.168    9.91141414642334    786.411010742188
5.266    10.2609252929688    786.259399414063
5.365    10.2219247817993    786.221496582031
5.463    10.5518112182617    786.069396972656
5.561    9.91141414642334    786.411010742188
5.66    9.58152770996094    786.297302246094
5.758    10.1250457763672    786.638977050781
5.856    9.3875207901001    786.373107910156
5.955    9.62027931213379    786.221496582031
6.053    9.56215190887451    786.373107910156
6.151    9.23226547241211    786.373107910156
6.249    10.3965559005737    786.221496582031
6.348    9.25164127349854    786.525268554688
6.446    9.93078994750977    786.373107910156
6.544    9.25164127349854    786.752685546875
6.643    10.2219247817993    786.221496582031
6.741    9.79515933990479    786.221496582031
6.839    10.2219247817993    786.335205078125
6.938    9.77553462982178    785.955688476563
7.036    9.11576175689697    786.373107910156
7.134    9.58152770996094    786.221496582031
7.233    9.36814498901367    786.221496582031
7.331    9.52340030670166    786.259399414063
7.429    9.25164127349854    786.486877441406
7.527    9.21288967132568    786.486877441406
7.626    9.85328674316406    786.448974609375
7.724    9.52340030670166    786.18310546875
7.822    9.69803142547607    786.411010742188
7.921    9.54277610778809    786.638977050781
8.019    9.52340030670166    786.335205078125
8.117    9.60090351104736    786.259399414063
8.216    10.0279178619385    786.145202636719
8.314    9.7174072265625    786.411010742188
8.412    9.23226547241211    786.335205078125
8.511    9.62027931213379    786.411010742188
8.609    9.3293924331665    786.221496582031
8.707    9.19351291656494    786.297302246094
8.805    9.42627239227295    786.18310546875
8.904    9.36814498901367    786.448974609375
9.002    9.69803142547607    786.335205078125
9.1    9.30976867675781    786.069396972656
9.199    9.67865562438965    786.525268554688
9.297    9.79515933990479    786.335205078125
9.395    9.40689659118652    786.638977050781
9.494    10.1056699752808    786.107299804688
9.592    10.2803010940552    786.069396972656
9.69    9.9697904586792    786.18310546875
9.789    9.54277610778809    786.335205078125
9.887    9.75615882873535    786.221496582031
9.985    9.21288967132568    786.373107910156
10.083    8.96050643920898    786.221496582031
10.182    8.84400272369385    786.563171386719
10.28    9.19351291656494    786.221496582031
10.378    9.21288967132568    786.60107421875
10.477    8.96050643920898    786.448974609375
10.575    10.16379737854    785.841430664063
10.673    9.89203834533691    786.031494140625
10.772    9.81453514099121    786.335205078125
10.87    9.77553462982178    786.259399414063
10.968    9.30976867675781    786.221496582031
11.066    9.63990306854248    786.259399414063
11.165    8.86362648010254    786.486877441406
11.263    9.75615882873535    786.411010742188
11.361    9.34876823425293    786.259399414063
11.46    8.96050643920898    786.373107910156
11.558    9.15451335906982    786.259399414063
11.656    9.21288967132568    786.18310546875
11.755    9.77553462982178    786.373107910156
11.853    8.805251121521    786.563171386719
11.951    9.4650239944458    786.335205078125
12.05    9.81453514099121    786.107299804688
12.148    9.63990306854248    786.031494140625
12.246    9.65927982330322    786.107299804688
12.344    9.50402450561523    786.221496582031
12.443    9.85328674316406    786.411010742188
12.541    9.58152770996094    786.221496582031
12.639    8.99925804138184    786.335205078125
12.738    9.27101707458496    786.411010742188
12.836    8.96050643920898    786.145202636719
12.934    9.23226547241211    786.335205078125
13.033    8.78587532043457    786.145202636719
13.131    10.0085420608521    786.335205078125
13.229    8.96050643920898    786.259399414063
13.328    9.63990306854248    786.297302246094
13.426    9.69803142547607    786.069396972656
13.524    9.11576175689697    786.638977050781
13.623    9.73678302764893    786.335205078125
13.721    9.52340030670166    786.297302246094
13.819    9.73678302764893    786.221496582031
13.917    9.60090351104736    786.145202636719
14.016    8.88300228118896    786.107299804688
14.114    9.34876823425293    786.448974609375
14.212    8.99925804138184    786.221496582031
14.311    8.84400272369385    786.714782714844
14.409    8.61124324798584    786.373107910156
14.507    9.03825759887695    786.563171386719
14.606    9.0576343536377    786.297302246094
14.704    8.82462692260742    786.486877441406
14.802    9.67865562438965    786.411010742188
14.901    8.94113063812256    786.525268554688
14.999    9.75615882873535    786.107299804688
15.097    9.17413711547852    786.411010742188
15.195    9.67865562438965    786.107299804688
15.294    9.65927982330322    785.993591308594
15.392    8.78587532043457    786.18310546875
15.49    9.63990306854248    786.448974609375
15.589    8.88300228118896    786.259399414063
15.687    9.23226547241211    786.60107421875
15.785    8.805251121521    786.221496582031
15.884    9.3293924331665    786.297302246094
15.982    9.36814498901367    786.448974609375
16.08    9.15451335906982    786.638977050781
16.179    9.67865562438965    786.297302246094
16.277    9.1351375579834    786.335205078125
16.375    9.73678302764893    786.221496582031
16.473    8.97988224029541    786.145202636719
16.572    9.65927982330322    786.221496582031
16.67    9.3875207901001    786.448974609375
16.768    8.94113063812256    786.373107910156
16.867    9.11576175689697    786.448974609375
16.965    8.51411628723145    786.297302246094
17.063    9.50402450561523    786.145202636719
17.162    9.01888179779053    786.069396972656
17.26    9.09638595581055    786.563171386719
17.358    9.42627239227295    786.259399414063
17.456    8.805251121521    786.638977050781
17.555    9.50402450561523    786.259399414063
17.653    9.3293924331665    786.525268554688
17.751    9.7174072265625    786.221496582031
17.85    9.40689659118652    786.448974609375
17.948    9.56215190887451    786.448974609375
18.046    8.88300228118896    786.638977050781
18.145    8.61124324798584    786.297302246094
18.243    9.4650239944458    786.031494140625
18.341    9.03825759887695    786.259399414063
18.44    8.51411628723145    786.335205078125
18.538    8.61124324798584    786.411010742188
18.636    8.90237808227539    786.259399414063
18.734    9.65927982330322    786.107299804688
18.833    9.01888179779053    786.373107910156
18.931    9.52340030670166    786.373107910156
19.029    9.11576175689697    786.069396972656
19.128    9.58152770996094    786.221496582031
19.226    9.56215190887451    786.297302246094
19.324    9.21288967132568    786.18310546875
19.423    9.21288967132568    786.60107421875
19.521    8.78587532043457    786.486877441406
19.619    9.11576175689697    786.486877441406
19.717    8.82462692260742    786.335205078125
19.816    9.01888179779053    786.448974609375
19.914    8.97988224029541    786.448974609375
20.012    8.70837116241455    786.145202636719
20.111    8.96050643920898    786.486877441406
20.209    8.88300228118896    786.18310546875
20.307    9.67865562438965    786.145202636719
20.406    9.54277610778809    785.993591308594
20.504    9.3875207901001    786.18310546875
20.602    9.23226547241211    786.411010742188
20.701    8.78587532043457    786.221496582031
20.799    9.69803142547607    785.917785644531
20.897    8.86362648010254    786.638977050781
20.995    9.58152770996094    785.879333496094
21.094    8.51411628723145    786.486877441406
21.192    8.90237808227539    786.259399414063
21.29    8.47536468505859    786.411010742188
21.389    8.37823677062988    786.259399414063
21.487    9.54277610778809    786.259399414063
21.585    8.92175483703613    786.486877441406
21.684    9.09638595581055    786.714782714844
21.782    9.3875207901001    786.259399414063
21.88    9.91141414642334    786.107299804688
21.978    9.42627239227295    786.259399414063
22.077    8.96050643920898    786.373107910156
22.175    9.67865562438965    786.411010742188
22.273    9.03825759887695    786.486877441406
22.372    8.66937160491943    786.335205078125
22.47    8.7471227645874    786.676879882813
22.568    8.63062000274658    786.335205078125
22.667    8.90237808227539    785.993591308594
22.765    8.78587532043457    786.259399414063
22.863    9.15451335906982    786.221496582031
22.962    8.57249164581299    786.411010742188
23.06    9.25164127349854    786.448974609375
23.158    9.63990306854248    785.917785644531
23.256    8.96050643920898    786.563171386719
23.355    9.3875207901001    786.411010742188
23.453    8.90237808227539    786.107299804688
23.551    9.54277610778809    786.221496582031
23.65    8.90237808227539    786.563171386719
23.748    8.70837116241455    786.411010742188
23.846    8.59186744689941    786.448974609375
23.945    8.68874740600586    786.297302246094
24.043    8.90237808227539    786.373107910156
24.141    8.7471227645874    786.221496582031
24.24    9.30976867675781    786.60107421875
24.338    8.61124324798584    786.525268554688
24.436    9.3875207901001    786.259399414063
24.534    9.48464775085449    786.297302246094
24.633    9.42627239227295    786.259399414063
24.731    9.40689659118652    786.069396972656
24.829    8.88300228118896    786.18310546875
24.928    9.54277610778809    785.879333496094
25.026    9.07701015472412    786.335205078125
25.124    8.59186744689941    786.259399414063
25.223    8.94113063812256    786.563171386719
25.321    8.45598793029785    786.335205078125
25.419    9.01888179779053    786.448974609375
25.517    8.68874740600586    786.525268554688
25.616    8.96050643920898    786.297302246094
25.714    9.52340030670166    786.221496582031
25.812    9.25164127349854    786.486877441406
25.911    9.44564819335938    786.069396972656
26.009    8.66937160491943    786.752685546875
26.107    9.1351375579834    786.335205078125
26.206    8.94113063812256    786.411010742188
26.304    9.30976867675781    786.107299804688
26.402    9.30976867675781    786.411010742188
26.5    8.57249164581299    786.335205078125
26.599    9.29039287567139    786.297302246094
26.697    8.45598793029785    786.145202636719
26.795    8.66937160491943    786.638977050781
26.894    8.7471227645874    786.297302246094
26.992    9.09638595581055    786.297302246094
27.09    9.62027931213379    786.297302246094
27.189    9.1351375579834    786.221496582031
27.287    9.56215190887451    786.145202636719
27.385    9.27101707458496    786.525268554688
27.484    9.65927982330322    786.411010742188
27.582    9.1351375579834    786.259399414063
27.68    9.60090351104736    786.069396972656
27.778    9.09638595581055    786.563171386719
27.877    8.92175483703613    786.221496582031
27.975    9.30976867675781    786.335205078125
28.073    8.78587532043457    786.259399414063
28.172    9.0576343536377    786.107299804688
28.27    8.78587532043457    786.259399414063
28.368    9.3293924331665    786.297302246094
28.467    9.44564819335938    786.145202636719
28.565    8.59186744689941    786.335205078125
28.663    9.42627239227295    786.145202636719
28.761    9.30976867675781    786.486877441406
28.86    9.69803142547607    785.879333496094
28.958    8.96050643920898    786.259399414063
29.056    8.70837116241455    786.335205078125
29.155    9.54277610778809    785.993591308594
29.253    8.94113063812256    786.259399414063
29.351    9.19351291656494    786.411010742188
29.45    8.82462692260742    786.448974609375
29.548    8.7471227645874    786.563171386719
29.646    8.7471227645874    786.335205078125
29.744    8.417236328125    786.486877441406
29.843    9.09638595581055    786.373107910156
29.941    8.94113063812256    786.259399414063
30.039    9.11576175689697    786.259399414063
30.138    8.82462692260742    786.335205078125
30.236    9.44564819335938    786.259399414063
30.334    9.44564819335938    786.18310546875
30.433    8.7471227645874    786.448974609375
30.531    9.0576343536377    786.563171386719
30.629    8.805251121521    786.525268554688
30.728    9.29039287567139    786.221496582031
30.826    9.07701015472412    786.259399414063
30.924    8.78587532043457    786.335205078125
31.022    8.47536468505859    786.259399414063
31.121    9.0576343536377    786.221496582031
31.219    9.09638595581055    786.525268554688
31.317    8.76649951934814    786.221496582031
31.416    9.0576343536377    786.373107910156
31.514    8.88300228118896    786.563171386719
31.612    8.86362648010254    786.486877441406
31.711    9.29039287567139    786.259399414063
31.809    8.43661212921143    786.563171386719
31.907    8.94113063812256    786.297302246094
32.005    8.57249164581299    786.411010742188
32.104    8.68874740600586    786.448974609375
32.202    8.47536468505859    786.259399414063
32.3    8.72774696350098    786.411010742188
32.399    9.44564819335938    786.373107910156
32.497    8.26198101043701    786.525268554688
32.595    8.64999580383301    786.411010742188
32.694    8.53349208831787    786.525268554688
32.792    9.48464775085449    786.145202636719
32.89    9.3293924331665    786.145202636719
32.989    9.30976867675781    786.335205078125
33.087    9.23226547241211    786.411010742188
33.185    8.66937160491943    786.486877441406
33.283    8.88300228118896    786.221496582031
33.382    8.66937160491943    786.525268554688
33.48    8.26198101043701    786.221496582031
33.578    8.72774696350098    786.221496582031
33.677    8.70837116241455    786.525268554688
33.775    8.7471227645874    786.486877441406
33.873    8.53349208831787    786.221496582031
33.972    9.01888179779053    786.373107910156
34.07    9.23226547241211    786.335205078125
34.168    8.84400272369385    786.563171386719
34.266    9.21288967132568    786.145202636719
34.365    8.96050643920898    786.525268554688
34.463    9.11576175689697    786.145202636719
34.561    8.7471227645874    786.221496582031
34.66    9.0576343536377    786.18310546875
34.758    8.47536468505859    786.525268554688
34.856    8.55311584472656    786.373107910156
34.955    8.78587532043457    786.411010742188
35.053    8.66937160491943    786.259399414063
35.151    8.82462692260742    786.676879882813
35.249    8.417236328125    786.335205078125
35.348    8.68874740600586    786.411010742188
35.446    9.48464775085449    786.069396972656
35.544    8.97988224029541    786.828979492188
35.643    9.4650239944458    786.18310546875
35.741    9.01888179779053    786.563171386719
35.839    9.1351375579834    786.145202636719
35.938    8.66937160491943    786.259399414063
36.036    9.23226547241211    786.221496582031
36.134    8.417236328125    786.411010742188
36.232    8.35886096954346    786.259399414063
36.331    8.63062000274658    786.486877441406
36.429    8.51411628723145    786.259399414063
36.527    9.0576343536377    786.486877441406
36.626    8.66937160491943    786.18310546875
36.724    8.66937160491943    786.448974609375
36.822    9.11576175689697    786.18310546875
36.921    8.805251121521    786.448974609375
37.019    9.17413711547852    786.069396972656
37.117    8.59186744689941    786.297302246094
37.215    9.21288967132568    786.107299804688
37.314    9.17413711547852    786.18310546875
37.412    8.45598793029785    786.448974609375
37.51    8.94113063812256    786.486877441406
37.609    8.39786052703857    786.448974609375
37.707    8.72774696350098    785.993591308594
37.805    8.51411628723145    786.297302246094
37.904    8.97988224029541    786.031494140625
38.002    8.45598793029785    786.259399414063
38.1    8.88300228118896    786.259399414063
38.198    9.17413711547852    786.221496582031
38.297    8.97988224029541    786.145202636719
38.395    9.27101707458496    786.18310546875
38.493    9.27101707458496    785.917785644531
38.592    9.01888179779053    786.221496582031
38.69    8.99925804138184    786.221496582031
38.788    8.53349208831787    786.448974609375
38.887    8.92175483703613    786.638977050781
38.985    8.63062000274658    786.335205078125
39.083    8.90237808227539    786.221496582031
39.182    8.53349208831787    786.221496582031
39.28    8.82462692260742    786.448974609375
39.378    8.78587532043457    786.145202636719
39.476    8.33948516845703    786.373107910156
39.575    9.23226547241211    786.411010742188
39.673    8.72774696350098    786.486877441406
39.771    9.36814498901367    786.411010742188
39.87    8.72774696350098    786.335205078125
39.968    9.63990306854248    786.069396972656
40.066    9.09638595581055    786.297302246094
40.165    8.47536468505859    786.373107910156
40.263    9.09638595581055    786.411010742188
40.361    8.49474048614502    786.411010742188
40.459    8.63062000274658    786.411010742188
40.558    8.32010841369629    786.411010742188
40.656    8.64999580383301    786.411010742188
40.754    9.30976867675781    785.993591308594
40.853    8.86362648010254    786.259399414063
40.951    9.30976867675781    786.297302246094
41.049    8.26198101043701    786.752685546875
41.148    9.01888179779053    786.259399414063
41.246    9.48464775085449    786.145202636719
41.344    9.27101707458496    786.411010742188
41.442    8.99925804138184    786.221496582031
41.541    8.7471227645874    786.259399414063
41.639    9.27101707458496    786.411010742188
41.737    8.45598793029785    786.335205078125
41.836    8.47536468505859    786.373107910156
41.934    8.66937160491943    786.448974609375
42.032    8.32010841369629    786.486877441406
42.131    8.86362648010254    786.411010742188
42.229    8.417236328125    786.638977050781
42.327    8.90237808227539    786.335205078125
42.425    9.17413711547852    786.221496582031
42.524    9.15451335906982    786.145202636719
42.622    9.15451335906982    786.069396972656
42.72    9.0576343536377    786.448974609375
42.819    8.97988224029541    786.221496582031
42.917    8.7471227645874    786.221496582031
43.015    9.25164127349854    786.031494140625
43.114    8.78587532043457    786.259399414063
43.212    8.49474048614502    786.069396972656
43.31    8.24260520935059    786.525268554688
43.408    8.49474048614502    786.259399414063
43.507    8.99925804138184    786.411010742188
43.605    8.33948516845703    786.335205078125
43.703    8.82462692260742    786.60107421875
43.802    9.3293924331665    786.221496582031
43.9    8.49474048614502    786.714782714844
43.998    9.0576343536377    786.335205078125
44.097    9.01888179779053    786.335205078125
44.195    9.09638595581055    785.917785644531
44.293    8.63062000274658    786.221496582031
44.392    9.17413711547852    786.221496582031
44.49    8.82462692260742    786.221496582031
44.588    8.55311584472656    786.069396972656
44.686    8.7471227645874    786.297302246094
44.785    8.47536468505859    786.259399414063
44.883    9.03825759887695    786.297302246094
44.981    8.20360565185547    786.335205078125
45.08    8.94113063812256    786.259399414063
45.178    9.15451335906982    786.259399414063
45.276    8.99925804138184    786.563171386719
45.374    9.19351291656494    786.031494140625
45.473    8.86362648010254    786.069396972656
45.571    9.15451335906982    786.221496582031
45.669    9.25164127349854    786.335205078125
45.768    8.28135681152344    786.335205078125
45.866    8.86362648010254    786.486877441406
45.964    8.417236328125    786.335205078125
46.063    8.66937160491943    786.221496582031
46.161    8.26198101043701    786.411010742188
46.259    8.45598793029785    786.638977050781
46.357    8.35886096954346    786.373107910156
46.456    9.09638595581055    786.18310546875
46.554    9.3875207901001    786.221496582031
46.652    8.805251121521    786.145202636719
46.751    9.01888179779053    786.221496582031
46.849    8.84400272369385    786.259399414063
46.947    9.19351291656494    786.373107910156
47.046    8.51411628723145    786.638977050781
47.144    8.49474048614502    786.563171386719
47.242    8.90237808227539    786.373107910156
47.34    8.37823677062988    786.60107421875
47.439    8.49474048614502    786.259399414063
47.537    8.1648530960083    786.60107421875
47.635    8.51411628723145    786.638977050781
47.734    8.32010841369629    786.335205078125
47.832    8.30073261260986    786.676879882813
47.93    9.21288967132568    786.145202636719
48.029    9.09638595581055    786.18310546875
48.127    8.90237808227539    786.486877441406
48.225    9.07701015472412    786.448974609375
48.323    8.94113063812256    786.297302246094
48.422    8.78587532043457    786.411010742188
48.52    8.30073261260986    786.259399414063
48.618    9.1351375579834    786.18310546875
48.717    8.18422985076904    786.373107910156
48.815    8.51411628723145    786.221496582031
48.913    8.70837116241455    786.335205078125
49.012    8.51411628723145    786.373107910156
49.11    9.09638595581055    786.411010742188
49.208    8.47536468505859    786.486877441406
49.307    9.3293924331665    786.221496582031
49.405    8.45598793029785    786.259399414063
49.503    9.29039287567139    786.411010742188
49.601    9.19351291656494    786.031494140625
49.7    8.88300228118896    785.917785644531
49.798    8.84400272369385    786.145202636719
49.896    8.47536468505859    786.486877441406
49.995    8.99925804138184    786.563171386719
50.093    8.30073261260986    786.676879882813
50.191    8.30073261260986    786.335205078125
50.29    8.66937160491943    786.411010742188
50.388    8.45598793029785    786.335205078125
50.486    8.805251121521    786.486877441406
50.584    8.417236328125    786.335205078125
50.683    8.84400272369385    786.259399414063
50.781    8.94113063812256    786.145202636719
50.879    9.17413711547852    786.335205078125
50.978    9.11576175689697    786.259399414063
51.076    8.78587532043457    786.486877441406
51.174    9.21288967132568    786.297302246094
51.273    8.63062000274658    786.221496582031
51.371    9.29039287567139    786.259399414063
51.469    8.417236328125    786.563171386719
51.567    8.35886096954346    786.486877441406
51.666    8.7471227645874    786.297302246094
51.764    8.37823677062988    786.259399414063
51.862    8.99925804138184    786.486877441406
51.961    8.51411628723145    786.411010742188
52.059    8.55311584472656    786.448974609375
52.157    9.01888179779053    786.259399414063
52.256    8.53349208831787    786.486877441406
52.354    8.96050643920898    786.145202636719
52.452    8.72774696350098    786.259399414063
52.55    9.11576175689697    786.069396972656
52.649    8.68874740600586    786.335205078125
52.747    9.23226547241211    786.069396972656
52.845    8.78587532043457    786.335205078125
52.944    8.22298145294189    786.448974609375
53.042    8.63062000274658    786.221496582031
53.14    8.417236328125    786.411010742188
53.239    8.88300228118896    786.335205078125
53.337    8.35886096954346    786.486877441406
53.435    8.64999580383301    786.259399414063
53.533    9.11576175689697    786.107299804688
53.632    8.53349208831787    786.563171386719
53.73    9.15451335906982    786.18310546875
53.828    8.97988224029541    786.411010742188
53.927    8.99925804138184    786.335205078125
54.025    9.21288967132568    785.993591308594
54.123    8.35886096954346    786.411010742188
54.222    8.72774696350098    786.259399414063
54.32    8.47536468505859    786.373107910156
54.418    8.84400272369385    786.145202636719
54.516    8.51411628723145    786.411010742188
54.615    8.55311584472656    786.373107910156
54.713    8.32010841369629    786.448974609375
54.811    8.47536468505859    786.638977050781
54.91    8.92175483703613    786.563171386719
55.008    8.02897357940674    786.563171386719
55.106    8.88300228118896    786.411010742188
55.205    9.11576175689697    785.993591308594
55.303    9.0576343536377    786.145202636719
55.401    8.72774696350098    786.145202636719
55.499    8.37823677062988    786.486877441406
55.598    9.21288967132568    786.335205078125
55.696    8.35886096954346    786.221496582031
55.794    8.30073261260986    786.335205078125
55.893    8.1648530960083    786.638977050781
55.991    8.51411628723145    786.411010742188
56.089    8.47536468505859    786.107299804688
56.188    8.59186744689941    786.60107421875
56.286    9.09638595581055    786.221496582031
56.384    8.24260520935059    786.259399414063
56.482    9.0576343536377    786.335205078125
56.581    8.96050643920898    786.259399414063
56.679    8.99925804138184    786.221496582031
56.777    9.11576175689697    785.993591308594
56.876    8.417236328125    786.335205078125
56.974    8.64999580383301    786.297302246094
57.072    8.24260520935059    786.259399414063
57.171    8.26198101043701    786.373107910156
57.269    8.59186744689941    786.411010742188
57.367    8.32010841369629    786.259399414063
57.465    8.53349208831787    786.411010742188
57.564    8.32010841369629    786.486877441406
57.662    8.45598793029785    786.486877441406
57.76    8.35886096954346    786.18310546875
57.859    8.90237808227539    786.297302246094
57.957    8.88300228118896    786.335205078125
58.055    9.09638595581055    786.145202636719
58.154    9.01888179779053    786.145202636719
58.252    8.39786052703857    786.297302246094
58.35    8.805251121521    786.18310546875
58.448    8.53349208831787    786.297302246094
58.547    8.1648530960083    786.335205078125
58.645    8.26198101043701    786.525268554688
58.743    8.00959777832031    786.638977050781
58.842    8.68874740600586    786.411010742188
58.94    8.18422985076904    786.335205078125
59.038    8.39786052703857    786.563171386719
59.137    9.0576343536377    786.18310546875
59.235    8.32010841369629    786.448974609375
59.333    8.99925804138184    786.18310546875
59.432    9.07701015472412    786.335205078125
59.53    9.0576343536377    786.145202636719
59.628    8.51411628723145    786.259399414063
59.726    8.84400272369385    786.221496582031
59.825    8.92175483703613    786.145202636719
59.923    8.02897357940674    786.411010742188
60.02    8.35886096954346    786.486877441406
60.119    8.35886096954346    786.18310546875
60.217    8.37823677062988    786.411010742188
60.315    8.22298145294189    785.993591308594
60.414    8.78587532043457    786.297302246094
60.512    8.96050643920898    786.069396972656
60.61    8.72774696350098    786.297302246094
60.708    9.01888179779053    786.259399414063
60.807    8.96050643920898    786.259399414063
60.905    8.99925804138184    786.069396972656
61.003    8.84400272369385    786.373107910156
61.102    9.17413711547852    786.221496582031
61.2    8.57249164581299    786.335205078125
61.298    8.0873498916626    786.145202636719
61.397    8.66937160491943    786.486877441406
61.495    8.47536468505859    786.107299804688
61.593    8.61124324798584    786.335205078125
61.691    8.14547729492188    786.525268554688
61.79    8.20360565185547    786.525268554688
61.888    9.01888179779053    786.18310546875
61.986    8.10672569274902    786.60107421875
62.085    9.3293924331665    786.145202636719
62.183    8.59186744689941    786.259399414063
62.281    9.01888179779053    786.145202636719
62.38    8.70837116241455    786.448974609375
62.478    8.26198101043701    786.259399414063
62.576    8.70837116241455    786.297302246094
62.674    8.12610149383545    786.221496582031
62.773    9.17413711547852    786.145202636719
62.871    7.97084665298462    786.448974609375
62.969    8.02897357940674    786.714782714844
63.068    8.59186744689941    786.335205078125
63.166    8.47536468505859    786.069396972656
63.264    8.96050643920898    786.448974609375
63.363    8.47536468505859    786.259399414063
63.461    8.63062000274658    786.563171386719
63.559    8.59186744689941    786.18310546875
63.657    9.0576343536377    786.486877441406
63.756    8.7471227645874    786.145202636719
63.854    7.91247034072876    786.411010742188
63.952    8.63062000274658    786.411010742188
64.051    8.59186744689941    786.259399414063
64.149    8.26198101043701    786.411010742188
64.247    8.18422985076904    786.373107910156
64.346    7.97084665298462    786.638977050781
64.444    8.04835033416748    786.486877441406
64.542    8.39786052703857    786.411010742188
64.64    8.7471227645874    786.259399414063
64.739    8.47536468505859    786.145202636719
64.837    9.21288967132568    786.486877441406
64.935    8.7471227645874    786.259399414063
65.034    9.15451335906982    786.486877441406
65.132    8.7471227645874    786.18310546875
65.23    8.805251121521    786.60107421875
65.329    8.97988224029541    786.259399414063
65.427    7.67971181869507    786.676879882813
65.525    7.99022245407104    786.525268554688
65.624    8.51411628723145    786.448974609375
65.722    8.24260520935059    786.448974609375
65.82    9.03825759887695    786.259399414063
65.918    8.18422985076904    786.373107910156
66.017    9.03825759887695    786.448974609375
66.115    8.0873498916626    786.145202636719
66.213    8.18422985076904    786.563171386719
66.312    9.03825759887695    785.993591308594
66.41    9.01888179779053    786.563171386719
66.508    9.01888179779053    786.259399414063
66.607    8.53349208831787    786.297302246094
66.705    8.84400272369385    785.993591308594
66.803    8.18422985076904    786.297302246094
66.901    7.91247034072876    786.18310546875
67    8.26198101043701    786.714782714844
67.098    8.24260520935059    786.145202636719
67.196    8.35886096954346    786.563171386719
67.295    8.10672569274902    786.221496582031
67.393    8.22298145294189    786.335205078125
67.491    8.7471227645874    786.411010742188
67.589    8.88300228118896    786.259399414063
67.688    9.17413711547852    785.879333496094
67.786    8.49474048614502    786.221496582031
67.884    9.21288967132568    786.259399414063
67.983    8.53349208831787    786.486877441406
68.081    8.99925804138184    786.18310546875
68.179    8.30073261260986    786.373107910156
68.278    8.14547729492188    786.221496582031
68.376    8.7471227645874    786.373107910156
68.474    8.20360565185547    786.448974609375
68.572    8.45598793029785    786.525268554688
68.671    8.02897357940674    786.411010742188
68.769    8.04835033416748    786.866882324219
68.867    8.72774696350098    786.411010742188
68.966    8.26198101043701    786.221496582031
69.064    8.88300228118896    786.297302246094
69.162    8.26198101043701    786.259399414063
69.261    9.19351291656494    786.18310546875
69.359    9.11576175689697    785.993591308594
69.457    9.01888179779053    785.993591308594
69.555    8.35886096954346    786.486877441406
69.654    8.33948516845703    786.221496582031
69.752    8.24260520935059    786.411010742188
69.85    8.43661212921143    786.335205078125
69.949    8.33948516845703    786.411010742188
70.047    8.0873498916626    786.335205078125
70.145    8.37823677062988    786.221496582031
70.244    8.78587532043457    786.221496582031
70.342    8.1648530960083    786.60107421875
70.44    8.82462692260742    786.335205078125
70.538    8.70837116241455    786.335205078125
70.637    8.53349208831787    786.297302246094
70.735    8.92175483703613    786.411010742188
70.833    8.26198101043701    786.335205078125
70.932    9.09638595581055    786.145202636719
71.03    8.63062000274658    786.18310546875
71.128    8.7471227645874    786.221496582031
71.227    8.45598793029785    786.335205078125
71.325    8.10672569274902    786.297302246094
71.423    8.35886096954346    786.411010742188
71.521    8.32010841369629    786.18310546875
71.62    8.53349208831787    786.411010742188
71.718    8.26198101043701    786.411010742188
71.816    8.57249164581299    786.563171386719
71.915    8.84400272369385    786.221496582031
72.013    8.86362648010254    786.335205078125
72.111    8.94113063812256    786.259399414063
72.21    8.37823677062988    786.18310546875
72.308    8.78587532043457    786.221496582031
72.406    8.53349208831787    786.221496582031
72.504    8.22298145294189    786.259399414063
72.603    8.53349208831787    786.069396972656
72.701    8.02897357940674    786.221496582031
72.799    8.30073261260986    786.373107910156
72.898    8.24260520935059    786.335205078125
72.996    8.22298145294189    786.448974609375
73.094    8.14547729492188    786.335205078125
73.193    8.47536468505859    786.486877441406
73.291    8.72774696350098    786.297302246094
73.389    8.47536468505859    786.411010742188
73.487    8.64999580383301    786.145202636719
73.586    8.78587532043457    786.145202636719
73.684    8.84400272369385    786.069396972656
73.782    8.45598793029785    786.411010742188
73.881    7.93209457397461    786.714782714844
73.979    8.30073261260986    786.60107421875
74.077    8.0873498916626    786.297302246094
74.176    8.33948516845703    786.60107421875
74.274    8.14547729492188    786.145202636719
74.372    7.99022245407104    786.714782714844
74.47    8.0873498916626    786.335205078125
74.569    8.49474048614502    786.145202636719
74.667    8.94113063812256    786.221496582031
74.765    8.49474048614502    786.714782714844
74.864    8.76649951934814    786.259399414063
74.962    8.7471227645874    786.031494140625
75.06    8.68874740600586    786.411010742188
75.158    8.78587532043457    786.145202636719
75.257    8.0873498916626    786.563171386719
75.355    8.97988224029541    785.993591308594
75.453    8.37823677062988    786.373107910156
75.552    8.37823677062988    786.221496582031
75.65    8.22298145294189    786.145202636719
75.748    8.02897357940674    786.525268554688
75.847    9.0576343536377    786.411010742188
75.945    8.14547729492188    786.525268554688
76.043    8.61124324798584    786.676879882813
76.141    8.28135681152344    786.525268554688
76.24    8.417236328125    786.486877441406
76.338    9.09638595581055    786.221496582031
76.436    8.35886096954346    786.373107910156
76.535    9.09638595581055    785.841430664063
76.633    7.79621505737305    786.411010742188
76.731    8.88300228118896    786.107299804688
76.83    7.83496713638306    786.563171386719
76.928    8.1648530960083    786.486877441406
77.026    8.51411628723145    785.955688476563
77.124    8.1648530960083    786.259399414063
77.223    8.26198101043701    786.752685546875
77.321    7.95147037506104    786.18310546875
77.419    8.82462692260742    786.107299804688
77.518    8.7471227645874    786.145202636719
77.616    8.26198101043701    786.563171386719
77.714    8.96050643920898    786.221496582031
77.813    8.68874740600586    786.297302246094
77.911    8.82462692260742    786.031494140625
78.009    8.49474048614502    786.145202636719
78.107    8.7471227645874    785.993591308594
78.206    8.61124324798584    786.18310546875
78.304    7.99022245407104    786.411010742188
78.402    8.10672569274902    786.638977050781
78.501    7.81559085845947    786.486877441406
78.599    8.66937160491943    786.638977050781
78.697    7.89309453964233    786.448974609375
78.796    8.0873498916626    786.714782714844
78.894    9.01888179779053    786.145202636719
78.992    8.45598793029785    786.525268554688
79.09    8.72774696350098    786.069396972656
79.189    8.59186744689941    786.107299804688
79.287    8.66937160491943    786.18310546875
79.385    8.417236328125    786.259399414063
79.484    8.92175483703613    786.145202636719
79.582    8.30073261260986    786.373107910156
79.68    8.10672569274902    786.297302246094
79.779    8.90237808227539    786.069396972656
79.877    7.97084665298462    786.486877441406
79.975    8.33948516845703    786.259399414063
80.073    8.0873498916626    786.145202636719
80.172    8.18422985076904    786.411010742188
80.27    8.68874740600586    786.259399414063
80.368    8.10672569274902    786.563171386719
80.467    8.96050643920898    786.259399414063
80.565    8.57249164581299    786.373107910156
80.663    8.61124324798584    786.411010742188
80.762    8.7471227645874    786.069396972656
80.86    8.14547729492188    786.221496582031
80.958    8.64999580383301    786.486877441406
81.056    8.14547729492188    786.259399414063
81.155    8.53349208831787    786.145202636719
81.253    8.20360565185547    786.259399414063
81.351    8.20360565185547    786.486877441406
81.45    8.28135681152344    786.411010742188
81.548    8.10672569274902    786.486877441406
81.646    8.76649951934814    786.486877441406
81.745    8.32010841369629    786.411010742188
81.843    8.805251121521    786.373107910156
81.941    8.66937160491943    786.411010742188
82.039    8.63062000274658    786.335205078125
82.138    8.45598793029785    786.335205078125
82.236    8.59186744689941    786.145202636719
82.334    8.37823677062988    786.145202636719
82.433    8.04835033416748    786.335205078125
82.531    8.04835033416748    786.221496582031
82.629    8.37823677062988    786.259399414063
82.727    8.20360565185547    786.107299804688
82.826    8.84400272369385    786.259399414063
82.924    8.12610149383545    786.069396972656
83.022    8.76649951934814    786.297302246094
83.121    8.20360565185547    786.259399414063
83.219    8.37823677062988    786.714782714844
83.317    8.61124324798584    786.221496582031
83.416    8.57249164581299    786.448974609375
83.514    8.68874740600586    786.411010742188
83.612    8.30073261260986    786.335205078125
83.71    8.78587532043457    786.069396972656
83.809    7.99022245407104    786.60107421875
83.907    8.22298145294189    786.335205078125
84.005    8.61124324798584    786.297302246094
84.104    8.0873498916626    786.145202636719
84.202    8.1648530960083    786.60107421875
84.3    7.95147037506104    786.335205078125
84.399    8.20360565185547    786.525268554688
84.497    8.78587532043457    786.18310546875
84.595    8.45598793029785    786.297302246094
84.693    8.76649951934814    786.259399414063
84.792    8.417236328125    786.563171386719
84.89    8.68874740600586    786.145202636719
84.988    8.37823677062988    786.221496582031
85.087    8.90237808227539    786.18310546875
85.185    8.417236328125    786.411010742188
85.283    7.95147037506104    786.486877441406
85.382    8.61124324798584    786.335205078125
85.48    8.0873498916626    786.18310546875
85.578    8.18422985076904    786.525268554688
85.676    7.85434293746948    786.60107421875
85.775    8.30073261260986    786.297302246094
85.873    8.84400272369385    786.145202636719
85.971    8.53349208831787    786.486877441406
86.07    8.96050643920898    786.221496582031
86.168    8.33948516845703    786.411010742188
86.266    8.59186744689941    786.335205078125
86.365    8.10672569274902    786.259399414063
86.463    8.84400272369385    786.335205078125
86.561    8.1648530960083    786.335205078125
86.659    8.00959777832031    786.297302246094
86.758    8.7471227645874    786.221496582031
86.856    7.89309453964233    786.259399414063
86.954    8.78587532043457    786.297302246094
87.053    7.95147037506104    786.335205078125
87.151    8.57249164581299    785.917785644531
87.249    8.76649951934814    786.335205078125
87.348    8.18422985076904    786.335205078125
87.446    8.59186744689941    786.259399414063
87.544    8.53349208831787    786.18310546875
87.642    8.66937160491943    786.259399414063
87.741    8.64999580383301    786.411010742188
87.839    8.04835033416748    786.297302246094
87.937    8.47536468505859    786.486877441406
88.036    7.87371873855591    786.107299804688
88.134    8.63062000274658    785.993591308594
88.232    7.89309453964233    786.335205078125
88.331    8.417236328125    786.335205078125
88.429    7.87371873855591    786.638977050781
88.527    7.97084665298462    786.676879882813
88.625    8.63062000274658    785.993591308594
88.724    8.06772613525391    786.373107910156
88.822    8.63062000274658    786.221496582031
88.92    8.99925804138184    785.841430664063
89.019    8.92175483703613    785.993591308594
89.117    8.30073261260986    786.486877441406
89.215    7.99022245407104    786.563171386719
89.314    8.59186744689941    786.373107910156
89.412    8.0873498916626    786.297302246094
89.51    8.37823677062988    786.411010742188
89.608    7.93209457397461    786.297302246094
89.707    8.33948516845703    786.259399414063
89.805    8.02897357940674    786.335205078125
89.903    8.68874740600586    785.955688476563
90.002    8.72774696350098    786.448974609375
90.1    8.43661212921143    786.18310546875
90.198    8.64999580383301    786.411010742188
90.297    8.37823677062988    786.221496582031
90.395    9.01888179779053    786.297302246094
90.493    8.20360565185547    786.259399414063
90.591    8.10672569274902    786.259399414063
90.69    8.43661212921143    786.638977050781
90.788    8.26198101043701    786.411010742188
90.886    8.22298145294189    786.145202636719
90.985    8.12610149383545    786.259399414063
91.083    8.33948516845703    786.221496582031
91.181    8.20360565185547    786.486877441406
91.28    7.85434293746948    786.638977050781
91.378    8.24260520935059    786.714782714844
91.476    8.04835033416748    786.486877441406
91.574    8.90237808227539    786.221496582031
91.673    8.59186744689941    786.221496582031
91.771    8.43661212921143    786.411010742188
91.869    8.45598793029785    786.221496582031
91.968    8.0873498916626    786.18310546875
92.066    8.45598793029785    786.411010742188
92.164    7.93209457397461    786.486877441406
92.263    8.04835033416748    785.917785644531
92.361    7.89309453964233    786.563171386719
92.459    7.93209457397461    786.448974609375
92.557    8.28135681152344    786.714782714844
92.656    8.22298145294189    786.259399414063
92.754    8.57249164581299    786.335205078125
92.852    8.86362648010254    785.993591308594
92.951    8.84400272369385    786.221496582031
93.049    8.68874740600586    786.297302246094
93.147    8.51411628723145    786.448974609375
93.246    9.03825759887695    786.297302246094
93.344    7.93209457397461    786.525268554688
93.442    8.53349208831787    786.145202636719
93.54    7.91247034072876    786.525268554688
93.639    7.95147037506104    786.563171386719
93.737    8.1648530960083    786.259399414063
93.835    7.97084665298462    786.18310546875
93.934    8.96050643920898    785.993591308594
94.032    8.10672569274902    786.145202636719
94.13    8.63062000274658    786.448974609375
94.229    8.7471227645874    786.259399414063
94.327    8.37823677062988    786.676879882813
94.425    8.47536468505859    786.145202636719
94.523    8.59186744689941    786.259399414063
94.622    8.68874740600586    786.259399414063
94.72    8.61124324798584    786.259399414063
94.818    8.39786052703857    786.259399414063
94.917    8.0873498916626    786.638977050781
95.015    8.04835033416748    786.411010742188
95.113    8.45598793029785    786.486877441406
95.212    7.91247034072876    786.259399414063
95.31    8.99925804138184    786.221496582031
95.408    8.02897357940674    786.297302246094
95.506    8.26198101043701    786.18310546875
95.605    8.88300228118896    786.221496582031
95.703    8.805251121521    786.335205078125
95.801    8.63062000274658    786.259399414063
95.9    8.1648530960083    786.069396972656
95.998    8.88300228118896    786.107299804688
96.096    8.63062000274658    786.069396972656
96.195    8.04835033416748    786.221496582031
96.293    8.47536468505859    786.259399414063
96.391    8.04835033416748    786.335205078125
96.489    8.51411628723145    786.297302246094
96.588    8.00959777832031    786.259399414063
96.686    8.32010841369629    786.486877441406
96.784    7.95147037506104    786.335205078125
96.883    8.805251121521    786.259399414063
96.981    8.66937160491943    786.18310546875
97.079    8.37823677062988    786.486877441406
97.177    8.72774696350098    786.221496582031
97.276    8.47536468505859    786.221496582031
97.374    8.96050643920898    786.335205078125
97.472    8.30073261260986    786.411010742188
97.571    7.99022245407104    786.486877441406
97.669    8.45598793029785    786.107299804688
97.767    7.67971181869507    786.259399414063
97.866    8.26198101043701    786.335205078125
97.964    7.85434293746948    786.335205078125
98.062    8.10672569274902    786.563171386719
98.16    8.10672569274902    786.259399414063
98.259    8.24260520935059    786.335205078125
98.357    8.7471227645874    786.107299804688
98.455    8.32010841369629    786.411010742188
98.554    8.90237808227539    786.107299804688
98.652    8.57249164581299    786.18310546875
98.75    8.57249164581299    786.221496582031
98.849    8.805251121521    786.259399414063
98.947    7.81559085845947    786.676879882813
99.045    8.04835033416748    786.563171386719
99.143    7.87371873855591    786.18310546875
99.242    8.14547729492188    786.411010742188
99.34    8.06772613525391    786.221496582031
99.438    7.89309453964233    786.563171386719
99.537    8.805251121521    786.221496582031
99.635    8.37823677062988    786.411010742188
99.733    8.90237808227539    786.069396972656
99.832    7.67971181869507    786.60107421875
99.93    8.63062000274658    786.107299804688
100.028    8.32010841369629    786.411010742188
100.126    8.72774696350098    786.335205078125
100.225    8.32010841369629    786.297302246094
100.323    8.10672569274902    786.069396972656
100.421    8.14547729492188    786.486877441406
100.52    7.93209457397461    786.221496582031
100.618    8.14547729492188    786.638977050781
100.716    8.02897357940674    786.411010742188
100.815    8.51411628723145    786.259399414063
100.913    8.96050643920898    786.107299804688
101.011    8.20360565185547    786.411010742188
101.109    8.59186744689941    786.335205078125
101.208    8.30073261260986    786.486877441406
101.306    8.92175483703613    786.259399414063
101.404    8.72774696350098    786.335205078125
101.503    9.01888179779053    786.18310546875
101.601    8.7471227645874    786.031494140625
101.699    8.14547729492188    786.18310546875
101.798    8.59186744689941    786.069396972656
101.896    7.93209457397461    786.221496582031
101.994    7.87371873855591    786.486877441406
102.092    7.87371873855591    786.373107910156
102.191    8.47536468505859    786.069396972656
102.289    8.96050643920898    786.221496582031
102.387    7.91247034072876    786.335205078125
102.486    8.97988224029541    786.145202636719
102.584    8.26198101043701    786.486877441406
102.682    8.68874740600586    786.221496582031
102.781    8.82462692260742    786.145202636719
102.879    8.33948516845703    786.18310546875
102.977    8.33948516845703    786.563171386719
103.075    7.93209457397461    786.411010742188
103.174    8.14547729492188    786.714782714844
103.272    8.24260520935059    785.917785644531
103.37    8.28135681152344    786.638977050781
103.469    8.04835033416748    786.335205078125
103.567    8.53349208831787    786.297302246094
103.665    8.94113063812256    786.069396972656
103.764    8.417236328125    785.993591308594
103.862    9.03825759887695    786.145202636719
103.96    8.88300228118896    786.259399414063
104.058    8.57249164581299    786.486877441406
104.157    8.72774696350098    786.297302246094
104.255    8.06772613525391    786.486877441406
104.353    8.14547729492188    786.448974609375
104.452    7.77683925628662    786.448974609375
104.55    8.47536468505859    786.448974609375
104.648    8.10672569274902    786.259399414063
104.747    8.51411628723145    786.486877441406
104.845    7.93209457397461    786.297302246094
104.943    8.72774696350098    786.297302246094
105.041    8.70837116241455    786.297302246094
105.14    7.93209457397461    786.828979492188
105.238    8.55311584472656    786.18310546875
105.336    8.61124324798584    785.917785644531
105.435    9.17413711547852    785.993591308594
105.533    8.72774696350098    786.448974609375
105.631    7.71846342086792    786.563171386719
105.73    8.805251121521    786.107299804688
105.828    7.83496713638306    786.448974609375
105.926    8.22298145294189    786.525268554688
106.024    7.67971181869507    786.411010742188
106.123    8.417236328125    786.411010742188
106.221    8.66937160491943    786.411010742188
106.319    8.63062000274658    786.448974609375
106.418    8.45598793029785    786.259399414063
106.516    8.24260520935059    786.752685546875
106.614    8.63062000274658    786.145202636719
106.713    8.68874740600586    786.069396972656
106.811    8.88300228118896    786.221496582031
106.909    8.14547729492188    786.563171386719
107.007    7.85434293746948    786.259399414063
107.106    8.24260520935059    786.448974609375
107.204    8.0873498916626    786.448974609375
107.302    8.10672569274902    786.525268554688
107.401    7.91247034072876    786.411010742188
107.499    8.14547729492188    786.145202636719
107.597    8.7471227645874    786.259399414063
107.696    8.00959777832031    786.335205078125
107.794    8.72774696350098    786.145202636719
107.892    8.33948516845703    786.259399414063
107.99    8.72774696350098    786.373107910156
108.089    8.66937160491943    786.335205078125
108.187    9.03825759887695    785.993591308594
108.285    8.78587532043457    786.107299804688
108.384    8.1648530960083    786.335205078125
108.482    8.84400272369385    785.993591308594
108.58    8.32010841369629    786.297302246094
108.679    7.67971181869507    786.486877441406
108.777    7.99022245407104    786.069396972656
108.875    8.37823677062988    786.107299804688
108.973    8.72774696350098    786.335205078125
109.072    7.83496713638306    786.638977050781
109.17    9.01888179779053    785.993591308594
109.268    8.20360565185547    786.411010742188
109.367    9.03825759887695    786.18310546875
109.465    8.53349208831787    786.373107910156
109.563    8.1648530960083    786.486877441406
109.662    8.63062000274658    786.107299804688
109.76    8.45598793029785    786.107299804688
109.858    8.39786052703857    786.221496582031
109.956    7.95147037506104    786.107299804688
110.055    7.95147037506104    786.145202636719
110.153    8.39786052703857    786.486877441406
110.251    7.69908761978149    786.448974609375
110.35    8.33948516845703    786.486877441406
110.448    8.24260520935059    786.069396972656
110.546    8.99925804138184    786.335205078125
110.645    8.59186744689941    786.411010742188
110.743    8.94113063812256    786.221496582031
110.841    8.805251121521    786.259399414063
110.939    7.93209457397461    786.411010742188
111.038    8.57249164581299    786.221496582031
111.136    8.32010841369629    786.145202636719
111.234    7.89309453964233    786.221496582031
111.333    8.1648530960083    786.221496582031
111.431    7.91247034072876    786.259399414063
111.529    8.32010841369629    786.411010742188
111.628    7.99022245407104    786.259399414063
111.726    8.47536468505859    786.145202636719
111.824    8.06772613525391    786.145202636719
111.923    8.45598793029785    786.486877441406
112.021    8.72774696350098    786.145202636719
112.119    8.78587532043457    786.18310546875
112.217    8.805251121521    786.145202636719
112.316    8.63062000274658    786.221496582031
112.414    8.57249164581299    786.18310546875
112.512    8.24260520935059    786.221496582031
112.611    8.24260520935059    786.259399414063
112.709    7.99022245407104    786.411010742188
112.807    7.81559085845947    786.486877441406
112.906    8.35886096954346    786.486877441406
113.004    8.04835033416748    786.297302246094
113.102    8.35886096954346    786.60107421875
113.2    7.91247034072876    786.297302246094
113.299    8.61124324798584    786.107299804688
113.397    8.78587532043457    786.259399414063
113.495    8.12610149383545    786.638977050781
113.594    8.82462692260742    785.993591308594
113.692    8.18422985076904    786.221496582031
113.79    8.64999580383301    786.069396972656
113.888    8.22298145294189    786.18310546875
113.987    8.14547729492188    786.069396972656
114.085    8.37823677062988    786.335205078125
114.183    7.93209457397461    786.335205078125
114.282    8.32010841369629    786.563171386719
114.38    7.95147037506104    786.221496582031
114.478    8.51411628723145    786.221496582031
114.577    8.7471227645874    786.031494140625
114.675    8.1648530960083    786.563171386719
114.773    8.7471227645874    786.107299804688
114.871    8.53349208831787    786.259399414063
114.97    8.47536468505859    786.145202636719
115.068    8.10672569274902    786.335205078125
115.166    8.57249164581299    786.373107910156
115.265    8.37823677062988    786.448974609375
115.363    8.12610149383545    786.297302246094
115.461    7.81559085845947    786.60107421875
115.56    7.67971181869507    786.335205078125
115.658    8.51411628723145    786.335205078125
115.756    8.06772613525391    786.335205078125
115.854    7.87371873855591    786.486877441406
115.953    8.82462692260742    786.221496582031
116.051    8.1648530960083    786.335205078125
116.149    8.84400272369385    786.145202636719
116.248    8.0873498916626    786.486877441406
116.346    8.805251121521    786.486877441406
116.444    8.66937160491943    786.335205078125
116.543    8.86362648010254    786.18310546875
116.641    8.70837116241455    786.145202636719
116.739    8.12610149383545    786.145202636719
116.837    8.10672569274902    786.638977050781
116.936    7.87371873855591    786.486877441406
117.034    8.66937160491943    786.069396972656
117.132    7.93209457397461    786.486877441406
117.231    7.97084665298462    786.563171386719
117.329    8.72774696350098    786.069396972656
117.427    8.53349208831787    786.297302246094
117.526    8.90237808227539    786.145202636719
117.624    8.90237808227539    786.259399414063
117.722    8.94113063812256    786.259399414063
117.82    8.78587532043457    786.259399414063
117.919    7.95147037506104    786.145202636719
118.017    8.72774696350098    786.145202636719
118.115    7.89309453964233    786.335205078125
118.214    8.0873498916626    786.60107421875
118.312    8.04835033416748    786.259399414063
118.41    8.59186744689941    786.18310546875
118.509    7.83496713638306    786.18310546875
118.607    8.33948516845703    786.486877441406
118.705    8.76649951934814    785.993591308594
118.803    8.18422985076904    786.752685546875
118.902    8.84400272369385    786.069396972656
119    8.68874740600586    786.221496582031
119.098    8.59186744689941    786.221496582031
119.197    8.805251121521    786.107299804688
119.295    8.00959777832031    786.18310546875
119.393    8.805251121521    786.221496582031
119.491    7.87371873855591    786.335205078125
119.59    8.02897357940674    786.221496582031
119.688    7.91247034072876    786.297302246094
119.786    7.60195970535278    786.563171386719
119.885    8.63062000274658    786.145202636719
119.983    8.33948516845703    786.525268554688
120.08    8.84400272369385    786.145202636719
120.179    8.02897357940674    786.486877441406
120.277    8.63062000274658    786.411010742188
120.375    8.0873498916626    786.525268554688
120.474    8.51411628723145    786.259399414063
120.572    8.61124324798584    786.069396972656
120.67    8.22298145294189    786.259399414063
120.769    8.32010841369629    786.259399414063
120.867    8.10672569274902    786.069396972656
120.965    8.45598793029785    786.107299804688
121.064    8.00959777832031    786.335205078125
121.162    8.10672569274902    786.790588378906
121.26    8.88300228118896    786.145202636719
121.359    7.56320810317993    786.638977050781
121.457    8.90237808227539    786.448974609375
121.555    7.73783922195435    786.259399414063
121.654    8.18422985076904    786.448974609375
121.752    8.45598793029785    786.18310546875
121.85    8.96050643920898    786.069396972656
121.949    8.47536468505859    786.221496582031
122.047    8.04835033416748    786.411010742188
122.145    8.417236328125    786.031494140625
122.244    7.93209457397461    786.448974609375
122.342    8.59186744689941    786.107299804688
122.44    7.89309453964233    786.259399414063
122.539    8.30073261260986    786.18310546875
122.637    8.47536468505859    786.335205078125
122.735    8.47536468505859    786.221496582031
122.834    8.61124324798584    786.486877441406
122.932    8.47536468505859    786.221496582031
123.03    8.43661212921143    786.60107421875
123.129    8.66937160491943    785.993591308594
123.227    8.805251121521    786.259399414063
123.325    8.86362648010254    786.221496582031
123.424    8.04835033416748    786.221496582031
123.522    8.32010841369629    786.335205078125
123.62    8.24260520935059    786.259399414063
123.719    7.95147037506104    786.373107910156
123.817    7.87371873855591    786.525268554688
123.915    7.81559085845947    786.373107910156
124.014    8.417236328125    786.563171386719
124.112    8.02897357940674    786.638977050781
124.21    8.57249164581299    786.259399414063
124.309    7.81559085845947    786.335205078125
124.407    8.82462692260742    786.486877441406
124.505    8.51411628723145    786.259399414063
124.604    8.88300228118896    786.373107910156
124.702    8.59186744689941    786.259399414063
124.8    8.22298145294189    786.145202636719
124.899    8.57249164581299    786.069396972656
124.997    8.0873498916626    786.297302246094
125.095    7.85434293746948    786.335205078125
125.194    7.81559085845947    786.486877441406
125.292    7.66033554077148    786.373107910156
125.39    8.37823677062988    786.297302246094
125.489    7.95147037506104    786.486877441406
125.587    8.06772613525391    786.563171386719
125.685    7.97084665298462    786.221496582031
125.784    8.51411628723145    786.60107421875
125.882    8.64999580383301    786.145202636719
125.98    8.84400272369385    786.411010742188
126.079    8.53349208831787    786.335205078125
126.177    7.79621505737305    786.335205078125
126.275    8.90237808227539    786.486877441406
126.374    7.91247034072876    786.563171386719
126.472    7.99022245407104    786.221496582031
126.57    7.89309453964233    786.335205078125
126.669    8.00959777832031    786.411010742188
126.767    8.37823677062988    786.373107910156
126.865    7.89309453964233    786.373107910156
126.964    8.76649951934814    786.259399414063
127.062    7.99022245407104    786.221496582031
127.16    8.47536468505859    786.638977050781
127.259    8.45598793029785    786.145202636719
127.357    8.43661212921143    786.411010742188
127.455    8.88300228118896    785.993591308594
127.554    8.18422985076904    786.221496582031
127.652    8.47536468505859    786.069396972656
127.75    8.30073261260986    786.411010742188
127.849    7.87371873855591    786.373107910156
127.947    7.79621505737305    786.486877441406
128.045    8.0873498916626    786.335205078125
128.144    8.59186744689941    786.486877441406
128.242    7.62158393859863    786.335205078125
128.34    8.63062000274658    786.221496582031
128.439    8.06772613525391    786.259399414063
128.537    8.7471227645874    786.335205078125
128.635    8.57249164581299    786.221496582031
128.734    8.55311584472656    786.525268554688
128.832    8.805251121521    786.18310546875
128.93    8.28135681152344    786.145202636719
129.029    8.53349208831787    786.448974609375
129.127    8.20360565185547    786.411010742188
129.225    7.83496713638306    786.335205078125
129.324    7.97084665298462    786.486877441406
129.422    7.83496713638306    786.107299804688
129.52    8.61124324798584    786.221496582031
129.619    8.10672569274902    786.107299804688
129.717    8.39786052703857    786.60107421875
129.815    8.66937160491943    786.145202636719
129.914    8.72774696350098    786.373107910156
130.1    -80.330696105957    -211.163314819336
130.199    -67.7356338500977    -211.353332519531
130.297    -57.8186683654785    -211.125411987305
130.395    -50.6187934875488    -211.3154296875
130.494    -44.8549690246582    -211.353332519531
130.592    -40.6046981811523    -211.505447387695
130.69    -37.0725784301758    -210.93586730957
130.789    -34.1227264404297    -211.429153442383
130.887    -32.1821594238281    -211.163314819336
130.985    -29.1935577392578    -211.505447387695
131.084    -27.6991310119629    -211.201705932617
131.182    -26.398962020874    -211.543365478516
131.28    -24.5358982086182    -211.429153442383
131.378    -23.7983722686768    -211.505447387695
131.477    -22.7503356933594    -211.543365478516
131.575    -22.1486911773682    -211.505447387695
131.673    -20.9260234832764    -211.467056274414
131.772    -20.3633785247803    -211.69499206543
131.87    -19.2765922546387    -211.277526855469
131.968    -18.1508045196533    -211.657089233398
132.067    -17.2388954162598    -211.353332519531
132.165    -16.0162296295166    -211.429153442383
132.263    -15.0846967697144    -211.429153442383
132.362    -14.0172853469849    -211.543365478516
132.46    -13.2216329574585    -211.543365478516
132.558    -12.9692497253418    -211.69499206543
132.657    -12.1154699325562    -211.125411987305
132.755    -11.688455581665    -211.429153442383
132.853    -11.3391923904419    -211.239608764648
132.952    -11.0090579986572    -211.543365478516
133.05    -11.0090579986572    -211.011688232422
133.148    -10.407660484314    -211.657089233398
133.247    -10.2717809677124    -211.163314819336
133.345    -9.72826290130615    -211.657089233398
133.443    -9.80601501464844    -211.391250610352
133.541    -9.28187274932861    -211.69499206543
133.64    -9.24312114715576    -211.353332519531
133.738    -9.14599323272705    -211.657089233398
133.836    -9.26249694824219    -211.429153442383
133.935    -9.57300758361816    -211.619171142578
134.033    -8.87448310852051    -211.429153442383
134.131    -9.59238338470459    -211.429153442383
134.23    -9.01036262512207    -211.277526855469
134.328    -9.28187274932861    -211.581268310547
134.426    -9.47612857818604    -211.3154296875
134.525    -8.69985198974609    -211.543365478516
134.623    -8.91323471069336    -211.391250610352
134.721    -8.85510730743408    -211.581268310547
134.82    -8.93261051177979    -211.277526855469
134.918    -8.83548259735107    -211.505447387695
135.016    -8.54459667205811    -211.277526855469
135.114    -8.75797939300537    -211.277526855469
135.213    -9.01036262512207    -211.353332519531
135.311    -9.26249694824219    -211.3154296875
135.409    -8.75797939300537    -211.277526855469
135.508    -9.18499374389648    -211.353332519531
135.606    -9.30124855041504    -211.353332519531
135.704    -9.24312114715576    -211.353332519531
135.803    -9.30124855041504    -210.973770141602
135.901    -8.44746875762939    -211.429153442383
135.999    -8.95198631286621    -211.277526855469
136.098    -8.42809295654297    -211.69499206543
136.196    -8.60272407531738    -211.429153442383
136.294    -8.64147567749023    -211.505447387695
136.393    -8.83548259735107    -211.239608764648
136.491    -8.58334827423096    -211.505447387695
136.589    -8.87448310852051    -211.049591064453
136.687    -8.89385890960693    -211.505447387695
136.786    -8.29221343994141    -211.619171142578
136.884    -8.75797939300537    -211.429153442383
136.982    -8.62209987640381    -211.657089233398
137.081    -8.73860359191895    -211.391250610352
137.179    -8.75797939300537    -211.505447387695
137.277    -8.38934135437012    -211.69499206543
137.376    -8.91323471069336    -211.277526855469
137.474    -8.42809295654297    -211.353332519531
137.572    -7.86519908905029    -211.581268310547
137.671    -8.33096504211426    -211.619171142578
137.769    -8.13695812225342    -211.163314819336
137.867    -8.15633392333984    -211.657089233398
137.966    -8.27283763885498    -211.3154296875
138.064    -8.93261051177979    -211.429153442383
138.162    -8.64147567749023    -211.277526855469
138.26    -8.93261051177979    -211.277526855469
138.359    -8.69985198974609    -211.201705932617
138.457    -8.91323471069336    -211.505447387695
138.555    -8.50559616088867    -210.973770141602
138.654    -8.35034084320068    -211.391250610352
138.752    -8.64147567749023    -211.3154296875
138.85    -8.38934135437012    -211.505447387695
138.949    -8.17570972442627    -211.505447387695
139.047    -8.33096504211426    -211.619171142578
139.145    -8.38934135437012    -211.657089233398
139.244    -8.71922779083252    -211.581268310547
139.342    -8.29221343994141    -211.543365478516
139.44    -8.81610679626465    -211.353332519531
139.538    -8.03983020782471    -211.505447387695
139.637    -8.83548259735107    -211.429153442383
139.735    -8.75797939300537    -211.429153442383
139.833    -8.79673099517822    -211.505447387695
139.932    -9.12661743164063    -211.277526855469
140.03    -8.21446132659912    -211.505447387695
140.128    -8.68022727966309    -211.125411987305
140.227    -8.40871715545654    -211.353332519531
140.325    -8.07883071899414    -210.973770141602
140.423    -8.38934135437012    -211.353332519531
140.522    -8.21446132659912    -211.467056274414
140.62    -8.54459667205811    -211.353332519531
140.718    -8.35034084320068    -211.163314819336
140.816    -9.06849002838135    -211.3154296875
140.915    -8.66085147857666    -211.049591064453
141.013    -8.58334827423096    -211.353332519531
141.111    -8.44746875762939    -211.239608764648
141.21    -8.68022727966309    -211.467056274414
141.308    -8.79673099517822    -211.277526855469
141.406    -8.40871715545654    -211.429153442383
141.505    -8.85510730743408    -210.973770141602
141.603    -8.31158924102783    -211.505447387695
141.701    -8.68022727966309    -210.973770141602
141.8    -8.13695812225342    -211.277526855469
141.898    -8.03983020782471    -211.3154296875
141.996    -8.27283763885498    -211.505447387695
142.095    -7.962327003479    -211.277526855469
142.193    -8.87448310852051    -211.277526855469
142.291    -8.75797939300537    -211.011688232422
142.389    -8.79673099517822    -211.353332519531
142.488    -8.73860359191895    -211.3154296875
142.586    -8.56397247314453    -211.619171142578
142.684    -8.87448310852051    -211.011688232422
142.783    -8.42809295654297    -211.353332519531
142.881    -8.23408603668213    -211.353332519531
142.979    -8.11758232116699    -211.581268310547
143.078    -7.36068105697632    -211.69499206543
143.176    -8.36971664428711    -211.619171142578
143.274    -8.33096504211426    -211.429153442383
143.373    -8.38934135437012    -211.391250610352
143.471    -7.86519908905029    -211.391250610352
143.569    -8.81610679626465    -211.3154296875
143.668    -8.87448310852051    -210.973770141602
143.766    -8.64147567749023    -211.391250610352
143.864    -8.00107860565186    -211.391250610352
143.962    -8.00107860565186    -211.353332519531
144.061    -8.44746875762939    -211.201705932617
144.159    -8.54459667205811    -211.125411987305
144.257    -8.60272407531738    -211.163314819336
144.356    -8.21446132659912    -211.277526855469
144.454    -8.11758232116699    -211.505447387695
144.552    -8.00107860565186    -211.125411987305
144.651    -7.84582328796387    -211.391250610352
144.749    -8.60272407531738    -211.581268310547
144.847    -8.09820652008057    -211.391250610352
144.946    -8.66085147857666    -211.429153442383
145.044    -8.54459667205811    -210.973770141602
145.142    -8.62209987640381    -211.277526855469
145.24    -8.64147567749023    -211.125411987305
145.339    -7.84582328796387    -211.467056274414
145.437    -8.75797939300537    -211.581268310547
145.535    -8.42809295654297    -211.353332519531
145.634    -7.92357492446899    -211.049591064453
145.732    -7.82644748687744    -211.543365478516
145.83    -7.94295072555542    -211.505447387695
145.929    -8.48622035980225    -211.239608764648
146.027    -7.94295072555542    -211.201705932617
146.125    -8.40871715545654    -211.505447387695
146.224    -8.17570972442627    -211.429153442383
146.322    -8.50559616088867    -211.3154296875
146.42    -7.962327003479    -211.770797729492
146.519    -8.15633392333984    -211.505447387695
146.617    -8.50559616088867    -211.125411987305
146.715    -8.11758232116699    -211.353332519531
146.813    -8.38934135437012    -211.011688232422
146.912    -8.5249719619751    -211.087493896484
147.01    -8.00107860565186    -211.201705932617
147.108    -8.42809295654297    -211.277526855469
147.207    -7.65181589126587    -211.581268310547
147.305    -8.81610679626465    -211.353332519531
147.403    -8.29221343994141    -211.353332519531
147.502    -8.17570972442627    -211.543365478516
147.6    -8.17570972442627    -211.3154296875
147.698    -8.35034084320068    -211.239608764648
147.797    -8.60272407531738    -211.277526855469
147.895    -8.25346183776855    -211.770797729492
147.993    -9.01036262512207    -211.011688232422
148.092    -7.72931957244873    -211.581268310547
148.19    -8.40871715545654    -211.619171142578
148.288    -8.21446132659912    -211.201705932617
148.386    -7.78769540786743    -211.922912597656
148.485    -8.42809295654297    -211.353332519531
148.583    -8.21446132659912    -211.277526855469
148.681    -8.03983020782471    -211.277526855469
148.78    -8.38934135437012    -211.125411987305
148.878    -8.87448310852051    -211.3154296875
148.976    -7.962327003479    -211.505447387695
149.075    -8.50559616088867    -211.429153442383
149.173    -8.93261051177979    -211.125411987305
149.271    -8.40871715545654    -211.3154296875
149.37    -8.38934135437012    -211.3154296875
149.468    -8.50559616088867    -211.049591064453
149.566    -8.66085147857666    -211.581268310547
149.665    -8.27283763885498    -211.087493896484
149.763    -8.13695812225342    -211.353332519531
149.861    -7.76831960678101    -211.657089233398
149.959    -7.80707168579102    -211.505447387695
150.058    -8.02045440673828    -211.353332519531
150.156    -7.94295072555542    -211.69499206543
150.254    -8.17570972442627    -211.277526855469
150.353    -8.46684455871582    -211.353332519531
150.451    -8.17570972442627    -211.087493896484
150.549    -8.5249719619751    -211.353332519531
150.648    -8.27283763885498    -211.581268310547
150.746    -8.44746875762939    -211.505447387695
150.844    -8.33096504211426    -211.087493896484
150.943    -8.23408603668213    -211.353332519531
151.041    -8.09820652008057    -211.353332519531
151.139    -7.84582328796387    -211.543365478516
151.237    -7.86519908905029    -211.391250610352
151.336    -7.80707168579102    -211.3154296875
151.434    -8.00107860565186    -211.163314819336
151.532    -8.11758232116699    -211.277526855469
151.631    -8.17570972442627    -211.353332519531
151.729    -8.42809295654297    -211.201705932617
151.827    -8.64147567749023    -211.391250610352
151.926    -8.66085147857666    -211.239608764648
152.024    -8.40871715545654    -211.125411987305
152.122    -8.40871715545654    -211.277526855469
152.221    -8.44746875762939    -211.163314819336
152.319    -8.66085147857666    -211.619171142578
152.417    -8.60272407531738    -211.201705932617
152.516    -7.962327003479    -211.69499206543
152.614    -8.25346183776855    -211.277526855469
152.712    -7.84582328796387    -211.429153442383
152.81    -7.90395069122314    -211.277526855469
152.909    -7.67119216918945    -211.505447387695
153.007    -8.33096504211426    -211.125411987305
153.105    -8.66085147857666    -211.353332519531
153.204    -8.07883071899414    -211.353332519531
153.302    -8.17570972442627    -211.505447387695
153.4    -8.60272407531738    -211.049591064453
153.499    -8.36971664428711    -211.353332519531
153.597    -8.07883071899414    -211.201705932617
153.695    -8.56397247314453    -211.429153442383
153.794    -8.33096504211426    -211.277526855469
153.892    -8.07883071899414    -211.429153442383
153.99    -8.54459667205811    -211.049591064453
154.089    -7.90395069122314    -211.505447387695
154.187    -8.35034084320068    -211.429153442383
154.285    -7.98170280456543    -211.505447387695
154.384    -8.44746875762939    -211.353332519531
154.482    -8.60272407531738    -211.391250610352
154.58    -7.90395069122314    -211.353332519531
154.678    -8.35034084320068    -211.277526855469
154.777    -8.11758232116699    -211.3154296875
154.875    -8.58334827423096    -211.467056274414
154.973    -8.54459667205811    -211.163314819336
155.072    -7.88457489013672    -211.581268310547
155.17    -7.962327003479    -211.543365478516
155.268    -8.11758232116699    -211.467056274414
155.367    -8.15633392333984    -211.391250610352
155.465    -7.90395069122314    -211.505447387695
155.563    -8.64147567749023    -211.087493896484
155.662    -7.962327003479    -211.467056274414
155.76    -8.48622035980225    -210.859573364258
155.858    -8.58334827423096    -211.163314819336
155.957    -7.59344005584717    -211.429153442383
156.055    -8.81610679626465    -211.505447387695
156.153    -8.17570972442627    -211.049591064453
156.251    -8.48622035980225    -211.277526855469
156.35    -8.31158924102783    -211.277526855469
156.448    -7.90395069122314    -211.69499206543
156.546    -8.33096504211426    -210.973770141602
156.645    -8.00107860565186    -211.163314819336
156.743    -7.98170280456543    -211.429153442383
156.841    -7.94295072555542    -211.467056274414
156.94    -7.86519908905029    -211.163314819336
157.038    -7.65181589126587    -211.657089233398
157.136    -7.78769540786743    -211.353332519531
157.235    -8.58334827423096    -211.353332519531
157.333    -7.74869537353516    -211.619171142578
157.431    -8.91323471069336    -211.239608764648
157.53    -8.29221343994141    -211.353332519531
157.628    -8.17570972442627    -211.770797729492
157.726    -8.79673099517822    -210.973770141602
157.824    -7.76831960678101    -211.543365478516
157.923    -7.51593685150146    -211.619171142578
158.021    -7.94295072555542    -211.429153442383
158.119    -8.17570972442627    -211.505447387695
158.218    -8.11758232116699    -211.429153442383
158.316    -8.02045440673828    -211.125411987305
158.414    -7.962327003479    -211.69499206543
158.513    -8.15633392333984    -211.163314819336
158.611    -8.40871715545654    -211.353332519531
158.709    -7.51593685150146    -211.543365478516
158.808    -8.48622035980225    -211.353332519531
158.906    -7.80707168579102    -211.429153442383
159.004    -8.54459667205811    -211.543365478516
159.102    -8.33096504211426    -211.201705932617
159.201    -7.86519908905029    -211.543365478516
159.299    -8.38934135437012    -211.391250610352
159.397    -8.15633392333984    -211.125411987305
159.496    -7.94295072555542    -211.3154296875
159.594    -7.78769540786743    -211.619171142578
159.692    -7.30255365371704    -211.505447387695
159.791    -8.27283763885498    -211.543365478516
159.889    -7.76831960678101    -211.163314819336
159.987    -8.68022727966309    -211.3154296875
160.086    -7.53531265258789    -211.657089233398
160.184    -8.21446132659912    -211.770797729492
160.282    -8.44746875762939    -210.821655273438
160.381    -8.50559616088867    -211.277526855469
160.479    -8.21446132659912    -211.353332519531
160.577    -7.80707168579102    -211.467056274414
160.675    -8.15633392333984    -211.125411987305
160.774    -7.84582328796387    -211.657089233398
160.872    -7.3800573348999    -211.847106933594
160.97    -7.65181589126587    -211.69499206543
161.069    -7.72931957244873    -211.201705932617
161.167    -8.64147567749023    -211.277526855469
161.265    -8.27283763885498    -211.277526855469
161.364    -8.62209987640381    -211.429153442383
161.462    -7.94295072555542    -211.3154296875
161.56    -8.71922779083252    -211.353332519531
161.659    -8.15633392333984    -211.201705932617
161.757    -8.33096504211426    -211.3154296875
161.855    -8.36971664428711    -211.125411987305
161.954    -7.76831960678101    -211.581268310547
162.052    -8.38934135437012    -211.201705932617
162.15    -7.76831960678101    -211.657089233398
162.248    -8.23408603668213    -211.125411987305
162.347    -7.80707168579102    -211.543365478516
162.445    -8.38934135437012    -211.277526855469
162.543    -8.23408603668213    -211.277526855469
162.642    -8.36971664428711    -211.277526855469
162.74    -8.50559616088867    -211.505447387695
162.838    -7.84582328796387    -211.543365478516
162.937    -8.44746875762939    -211.619171142578
163.035    -7.74869537353516    -211.3154296875
163.133    -8.56397247314453    -211.505447387695
163.232    -7.57406425476074    -211.505447387695
163.33    -8.15633392333984    -211.429153442383
163.428    -8.38934135437012    -211.049591064453
163.527    -7.80707168579102    -211.353332519531
163.625    -8.36971664428711    -211.163314819336
163.723    -7.7099437713623    -211.809204101563
163.821    -7.72931957244873    -211.619171142578
163.92    -8.33096504211426    -211.581268310547
164.018    -7.80707168579102    -211.201705932617
164.116    -8.36971664428711    -211.353332519531
164.215    -8.11758232116699    -211.125411987305
164.313    -8.17570972442627    -211.391250610352
164.411    -8.58334827423096    -211.125411987305
164.51    -7.67119216918945    -211.543365478516
164.608    -8.35034084320068    -211.239608764648
164.706    -7.84582328796387    -211.732894897461
164.805    -8.15633392333984    -211.505447387695
164.903    -7.74869537353516    -211.657089233398
165.001    -7.86519908905029    -211.505447387695
165.1    -7.53531265258789    -211.429153442383
165.198    -8.02045440673828    -211.163314819336
165.296    -8.27283763885498    -211.657089233398
165.394    -7.88457489013672    -211.847106933594
165.493    -8.33096504211426    -211.353332519531
165.591    -8.36971664428711    -211.277526855469
165.689    -8.36971664428711    -211.353332519531
165.788    -8.23408603668213    -211.201705932617
165.886    -8.07883071899414    -211.429153442383
165.984    -8.64147567749023    -211.087493896484
166.083    -7.84582328796387    -211.467056274414
166.181    -7.65181589126587    -211.277526855469
166.279    -7.49656057357788    -211.657089233398
166.378    -7.63244009017944    -211.353332519531
166.476    -7.88457489013672    -211.543365478516
166.574    -8.36971664428711    -211.049591064453
166.673    -8.58334827423096    -211.353332519531
166.771    -7.65181589126587    -211.277526855469
166.869    -8.54459667205811    -211.467056274414
166.968    -8.42809295654297    -211.353332519531
167.066    -8.35034084320068    -211.543365478516
167.164    -8.33096504211426    -211.239608764648
167.262    -7.86519908905029    -211.429153442383
167.361    -7.962327003479    -211.353332519531
167.459    -8.21446132659912    -211.429153442383
167.557    -7.69056797027588    -211.391250610352
167.656    -7.80707168579102    -211.429153442383
167.754    -7.74869537353516    -211.3154296875
167.852    -8.00107860565186    -211.429153442383
167.951    -8.02045440673828    -211.239608764648
168.049    -8.44746875762939    -211.201705932617
168.147    -7.78769540786743    -211.201705932617
168.246    -8.11758232116699    -211.619171142578
168.344    -7.98170280456543    -211.125411987305
168.442    -8.29221343994141    -211.429153442383
168.541    -8.1950855255127    -210.897964477539
168.639    -7.7099437713623    -211.467056274414
168.737    -8.09820652008057    -211.125411987305
168.835    -7.78769540786743    -211.732894897461
168.934    -7.3800573348999    -211.505447387695
169.032    -7.84582328796387    -211.505447387695
169.13    -8.36971664428711    -211.201705932617
169.229    -8.13695812225342    -211.619171142578
169.327    -8.40871715545654    -211.163314819336
169.425    -8.23408603668213    -211.543365478516
169.524    -7.92357492446899    -211.201705932617
169.622    -8.54459667205811    -211.201705932617
169.72    -7.92357492446899    -211.087493896484
169.819    -8.46684455871582    -211.239608764648
169.917    -8.02045440673828    -211.277526855469
170.015    -8.00107860565186    -211.391250610352
170.114    -7.962327003479    -211.277526855469
170.212    -7.86519908905029    -211.543365478516
170.31    -8.15633392333984    -211.163314819336
170.409    -7.7099437713623    -211.467056274414
170.507    -7.72931957244873    -211.125411987305
170.605    -8.29221343994141    -211.619171142578
170.703    -7.86519908905029    -211.3154296875
170.802    -8.31158924102783    -211.277526855469
170.9    -7.80707168579102    -211.809204101563
170.998    -8.11758232116699    -211.543365478516
171.097    -8.03983020782471    -211.353332519531
171.195    -8.64147567749023    -211.201705932617
171.293    -8.54459667205811    -211.049591064453
171.392    -7.82644748687744    -211.770797729492
171.49    -8.11758232116699    -211.353332519531
171.588    -7.74869537353516    -211.505447387695
171.687    -8.33096504211426    -211.087493896484
171.785    -7.59344005584717    -211.619171142578
171.883    -7.53531265258789    -211.69499206543
171.981    -8.38934135437012    -211.391250610352
172.08    -7.78769540786743    -211.353332519531
172.178    -8.13695812225342    -211.581268310547
172.276    -8.35034084320068    -211.201705932617
172.375    -8.56397247314453    -211.429153442383
172.473    -8.15633392333984    -211.277526855469
172.571    -8.50559616088867    -211.391250610352
172.67    -7.962327003479    -211.201705932617
172.768    -8.03983020782471    -211.429153442383
172.866    -8.23408603668213    -211.201705932617
172.965    -7.7099437713623    -211.619171142578
173.063    -7.57406425476074    -211.353332519531
173.161    -7.962327003479    -211.353332519531
173.26    -7.69056797027588    -211.3154296875
173.358    -8.31158924102783    -211.429153442383
173.456    -7.67119216918945    -211.277526855469
173.555    -8.29221343994141    -211.505447387695
173.653    -8.17570972442627    -211.201705932617
173.751    -8.29221343994141    -211.467056274414
173.849    -8.44746875762939    -211.277526855469
173.948    -7.74869537353516    -211.505447387695
174.046    -8.46684455871582    -211.277526855469
174.144    -7.76831960678101    -211.353332519531
174.243    -8.29221343994141    -211.201705932617
174.341    -7.76831960678101    -211.581268310547
174.439    -7.61306428909302    -211.543365478516
174.538    -7.98170280456543    -211.163314819336
174.636    -7.41880893707275    -211.467056274414
174.734    -8.36971664428711    -211.69499206543
174.833    -7.76831960678101    -211.429153442383
174.931    -8.25346183776855    -211.429153442383
175.029    -8.29221343994141    -211.429153442383
175.128    -8.27283763885498    -211.467056274414
175.226    -7.84582328796387    -211.049591064453
175.324    -7.962327003479    -211.277526855469
175.422    -7.94295072555542    -211.391250610352
175.521    -7.92357492446899    -211.505447387695
175.619    -8.05920600891113    -210.783752441406
175.717    -7.92357492446899    -211.69499206543
175.816    -7.78769540786743    -211.543365478516
175.914    -7.65181589126587    -211.429153442383
176.012    -7.43818473815918    -211.467056274414
176.111    -8.38934135437012    -211.543365478516
176.209    -8.15633392333984    -211.087493896484
176.307    -8.36971664428711    -211.3154296875
176.406    -8.17570972442627    -211.201705932617
176.504    -8.02045440673828    -211.467056274414
176.602    -8.03983020782471    -211.353332519531
176.7    -8.00107860565186    -211.619171142578
176.799    -8.25346183776855    -210.973770141602
176.897    -7.67119216918945    -211.505447387695
176.995    -7.36068105697632    -211.770797729492
177.094    -7.80707168579102    -211.391250610352
177.192    -8.23408603668213    -210.93586730957
177.29    -7.86519908905029    -211.543365478516
177.389    -7.65181589126587    -211.353332519531
177.487    -8.35034084320068    -211.201705932617
177.585    -8.25346183776855    -210.859573364258
177.684    -8.38934135437012    -211.505447387695
177.782    -8.31158924102783    -211.125411987305
177.88    -8.81610679626465    -211.125411987305
177.979    -8.11758232116699    -211.087493896484
178.077    -7.86519908905029    -211.3154296875
178.175    -8.60272407531738    -211.049591064453
178.273    -7.82644748687744    -211.505447387695
178.372    -7.94295072555542    -211.353332519531
178.47    -7.98170280456543    -211.277526855469
178.568    -8.09820652008057    -211.125411987305
178.667    -8.42809295654297    -211.467056274414
178.765    -7.962327003479    -211.049591064453
178.863    -8.42809295654297    -211.69499206543
178.962    -7.74869537353516    -211.391250610352
179.06    -8.54459667205811    -211.125411987305
179.158    -8.79673099517822    -210.93586730957
179.257    -8.05920600891113    -211.657089233398
179.355    -8.1950855255127    -211.467056274414
179.453    -7.88457489013672    -211.619171142578
179.552    -7.94295072555542    -211.3154296875
179.65    -7.84582328796387    -211.391250610352
179.748    -7.78769540786743    -211.69499206543
179.846    -7.74869537353516    -211.467056274414
179.945    -8.29221343994141    -211.163314819336
180.042    -8.36971664428711    -211.543365478516
180.14    -8.11758232116699    -211.011688232422
180.239    -8.15633392333984    -211.543365478516
180.337    -8.64147567749023    -211.087493896484
180.435    -8.48622035980225    -211.543365478516
180.534    -7.53531265258789    -211.543365478516
180.632    -8.36971664428711    -211.429153442383
180.73    -7.72931957244873    -211.391250610352
180.829    -7.72931957244873    -211.581268310547
180.927    -8.54459667205811    -211.087493896484
181.025    -8.03983020782471    -211.467056274414
181.124    -7.82644748687744    -211.125411987305
181.222    -8.03983020782471    -211.163314819336
181.32    -7.82644748687744    -211.239608764648
181.418    -8.05920600891113    -211.505447387695
181.517    -7.94295072555542    -211.125411987305
181.615    -8.48622035980225    -211.049591064453
181.713    -8.56397247314453    -211.049591064453
181.812    -8.58334827423096    -211.353332519531
181.91    -8.48622035980225    -211.239608764648
182.008    -8.33096504211426    -211.505447387695
182.107    -8.11758232116699    -211.353332519531
182.205    -7.57406425476074    -211.467056274414
182.303    -8.09820652008057    -211.353332519531
182.402    -8.02045440673828    -211.125411987305
182.5    -7.67119216918945    -211.619171142578
182.598    -7.98170280456543    -211.543365478516
182.697    -7.80707168579102    -211.429153442383
182.795    -8.48622035980225    -211.3154296875
182.893    -7.43818473815918    -211.505447387695
182.991    -8.46684455871582    -211.619171142578
183.09    -8.07883071899414    -211.505447387695
183.188    -8.44746875762939    -211.429153442383
183.286    -8.07883071899414    -211.239608764648
183.385    -8.03983020782471    -211.429153442383
183.483    -8.36971664428711    -210.93586730957
183.581    -7.94295072555542    -211.69499206543
183.68    -8.23408603668213    -211.049591064453
183.778    -7.94295072555542    -211.239608764648
183.876    -8.25346183776855    -211.201705932617
183.975    -7.72931957244873    -211.429153442383
184.073    -7.63244009017944    -211.429153442383
184.171    -8.5249719619751    -211.277526855469
184.27    -7.41880893707275    -211.391250610352
184.368    -8.27283763885498    -211.125411987305
184.466    -8.44746875762939    -210.973770141602
184.564    -8.17570972442627    -211.239608764648
184.663    -8.69985198974609    -211.353332519531
184.761    -8.03983020782471    -211.429153442383
184.859    -8.69985198974609    -210.973770141602
184.958    -7.962327003479    -211.201705932617
185.056    -7.47718477249146    -211.277526855469
185.154    -8.02045440673828    -211.619171142578
185.253    -7.51593685150146    -211.429153442383
185.351    -7.67119216918945    -211.505447387695
185.449    -7.43818473815918    -211.353332519531
185.548    -8.17570972442627    -211.163314819336
185.646    -7.72931957244873    -211.277526855469
185.744    -8.23408603668213    -211.429153442383
185.843    -8.36971664428711    -211.049591064453
185.941    -8.23408603668213    -211.543365478516
186.039    -7.92357492446899    -211.581268310547
186.137    -7.57406425476074    -211.467056274414
186.236    -8.40871715545654    -210.859573364258
186.334    -8.03983020782471    -211.391250610352
186.432    -7.69056797027588    -211.429153442383
186.531    -7.82644748687744    -211.581268310547
186.629    -7.98170280456543    -211.391250610352
186.727    -8.54459667205811    -211.125411987305
186.826    -8.42809295654297    -211.201705932617
186.924    -8.09820652008057    -211.581268310547
187.022    -7.86519908905029    -211.505447387695
187.121    -8.35034084320068    -211.3154296875
187.219    -8.11758232116699    -211.239608764648
187.317    -8.36971664428711    -211.049591064453
187.416    -8.1950855255127    -211.391250610352
187.514    -8.00107860565186    -211.277526855469
187.612    -8.33096504211426    -211.125411987305
187.71    -7.88457489013672    -211.543365478516
187.809    -7.69056797027588    -211.391250610352
187.907    -7.65181589126587    -211.429153442383
188.005    -7.90395069122314    -211.049591064453
188.104    -8.1950855255127    -211.353332519531
188.202    -7.53531265258789    -211.429153442383
188.3    -7.98170280456543    -211.467056274414
188.399    -7.86519908905029    -211.277526855469
188.497    -7.92357492446899    -211.657089233398
188.595    -8.64147567749023    -211.125411987305
188.694    -8.38934135437012    -211.429153442383
188.792    -8.33096504211426    -211.239608764648
188.89    -7.74869537353516    -211.429153442383
188.989    -8.38934135437012    -211.125411987305
189.087    -7.94295072555542    -211.201705932617
189.185    -7.69056797027588    -211.543365478516
189.283    -7.36068105697632    -211.277526855469
189.382    -7.72931957244873    -211.543365478516
189.48    -8.21446132659912    -211.543365478516
189.578    -7.22480201721191    -211.429153442383
189.677    -7.94295072555542    -211.391250610352
189.775    -8.64147567749023    -211.125411987305
189.873    -8.58334827423096    -211.277526855469
189.972    -8.13695812225342    -211.619171142578
