sec"   "mA"   "mV
0.543    -8.02045440673828    -217.997817993164
1.03    -7.98170280456543    -213.935409545898
1.517    -7.88457489013672    -209.720886230469
2.004    -7.80707168579102    -205.810119628906
2.491    -7.82644748687744    -201.405578613281
2.978    -7.90395069122314    -197.722732543945
3.464    -7.82644748687744    -193.66032409668
3.951    -7.84582328796387    -189.521621704102
4.438    -7.86519908905029    -185.61083984375
4.925    -7.80707168579102    -181.358413696289
5.412    -7.76831960678101    -177.409729003906
5.899    -7.78769540786743    -173.271514892578
6.386    -7.78769540786743    -169.398635864258
6.873    -7.82644748687744    -165.374145507813
7.36    -7.78769540786743    -161.501281738281
7.847    -7.74869537353516    -157.476776123047
8.334    -7.72931957244873    -153.185958862305
8.821    -7.63244009017944    -149.085647583008
9.308    -7.65181589126587    -145.250686645508
9.795    -7.72931957244873    -141.036163330078
10.282    -7.72931957244873    -136.973754882813
10.769    -7.59344005584717    -133.253005981445
11.256    -7.7099437713623    -129.114303588867
11.743    -7.59344005584717    -125.127708435059
12.229    -7.63244009017944    -121.065299987793
12.716    -7.57406425476074    -116.774963378906
13.203    -7.59344005584717    -112.826286315918
13.69    -7.59344005584717    -108.915504455566
14.177    -7.57406425476074    -105.080543518066
14.664    -7.57406425476074    -100.903930664063
15.151    -7.43818473815918    -96.8415298461914
15.638    -7.57406425476074    -92.9686584472656
16.125    -7.53531265258789    -88.8299560546875
16.612    -7.39943313598633    -84.6538314819336
17.099    -7.53531265258789    -80.5151214599609
17.586    -7.63244009017944    -76.6422576904297
18.073    -7.51593685150146    -72.6556625366211
18.56    -7.55468845367432    -68.59326171875
19.047    -7.45780897140503    -64.6066665649414
19.534    -7.43818473815918    -60.5437774658203
20.021    -7.51593685150146    -56.5571899414063
20.508    -7.53531265258789    -52.4568748474121
20.995    -7.49656057357788    -48.470287322998
21.481    -7.43818473815918    -44.1415596008301
21.968    -7.47718477249146    -40.1928749084473
22.455    -7.47718477249146    -36.1304702758789
22.942    -7.57406425476074    -32.0680656433105
23.429    -7.57406425476074    -28.2331066131592
23.916    -7.55468845367432    -24.3223304748535
24.403    -7.43818473815918    -20.2599258422852
24.89    -7.43818473815918    -16.1970348358154
25.377    -7.51593685150146    -12.1346302032471
25.864    -7.49656057357788    -7.95801782608032
26.351    -7.47718477249146    -3.93352031707764
26.838    -7.43818473815918    0.356814742088318
27.338    -7.47718477249146    4.22968292236328
27.838    -7.49656057357788    8.21627330780029
28.338    -7.47718477249146    12.6208162307739
28.838    -7.3800573348999    16.683219909668
29.339    -7.3800573348999    20.4802742004395
29.839    -7.49656057357788    24.7706089019775
30.339    -7.41880893707275    28.9851303100586
30.839    -7.3800573348999    33.047534942627
31.339    -7.49656057357788    37.4136848449707
31.839    -7.39943313598633    41.7424125671387
32.339    -7.41880893707275    45.6910972595215
32.84    -7.34130525588989    49.7535018920898
33.34    -7.3800573348999    54.0817451477051
33.84    -7.3800573348999    57.8787956237793
34.34    -7.47718477249146    62.244945526123
34.84    -7.41880893707275    66.4594650268555
35.34    -7.3800573348999    70.3323364257813
35.84    -7.39943313598633    74.5468521118164
36.341    -7.41880893707275    78.8371887207031
36.841    -7.47718477249146    82.9754104614258
37.341    -7.39943313598633    86.9624862670898
37.841    -7.36068105697632    91.1386108398438
38.341    -7.41880893707275    95.1252059936523
38.841    -7.39943313598633    99.3018188476563
39.341    -7.3800573348999    103.554244995117
39.841    -7.41880893707275    107.692947387695
40.342    -7.47718477249146    111.755355834961
40.842    -7.39943313598633    115.969871520996
41.342    -7.36068105697632    120.070671081543
41.842    -7.41880893707275    124.323097229004
42.342    -7.3800573348999    128.309677124023
42.842    -7.36068105697632    132.485809326172
43.342    -7.3800573348999    136.548706054688
43.843    -7.3800573348999    140.876937866211
44.343    -7.30255365371704    144.977737426758
44.843    -7.32192945480347    148.964324951172
45.343    -7.36068105697632    153.254669189453
45.843    -7.43818473815918    157.241256713867
46.343    -7.32192945480347    161.493682861328
46.843    -7.36068105697632    165.593994140625
47.344    -7.34130525588989    169.808517456055
47.844    -7.28292942047119    173.795593261719
48.344    -7.32192945480347    178.085922241211
48.844    -7.34130525588989    182.452072143555
49.344    -7.32192945480347    186.324951171875
49.844    -7.30255365371704    190.501556396484
50.344    -7.24417781829834    194.639770507813
50.845    -7.24417781829834    198.702667236328
51.345    -7.1860499382019    202.955093383789
51.845    -7.24417781829834    206.941680908203
52.345    -7.32192945480347    211.194107055664
52.845    -7.26355361938477    215.332336425781
53.345    -7.30255365371704    219.395217895508
53.845    -7.20542573928833    223.457626342773
54.346    -7.20542573928833    227.785873413086
54.846    -7.20542573928833    232.038299560547
55.346    -7.26355361938477    235.949081420898
55.846    -7.22480201721191    240.201507568359
56.346    -7.1860499382019    244.378112792969
56.846    -7.20542573928833    248.28889465332
57.346    -7.14729833602905    252.579223632813
57.847    -7.10829830169678    256.945373535156
58.347    -7.1860499382019    260.742431640625
58.847    -7.16667413711548    265.146484375
59.347    -7.16667413711548    269.285186767578
59.847    -7.16667413711548    273.309692382813
60.346    -7.10829830169678    277.334686279297
60.846    -7.16667413711548    281.625
61.346    -7.16667413711548    285.649505615234
61.847    -7.1860499382019    289.674011230469
62.347    -7.14729833602905    294.040649414063
62.847    -7.10829830169678    298.368865966797
63.347    -7.10829830169678    302.241760253906
63.847    -7.16667413711548    306.494171142578
64.347    -7.1276741027832    310.44287109375
64.847    -7.08892250061035    314.618988037109
65.348    -7.16667413711548    318.795593261719
65.848    -7.08892250061035    322.896392822266
66.348    -7.10829830169678    326.9208984375
66.848    -7.06954622268677    331.324951171875
67.348    -7.06954622268677    335.387847900391
67.848    -7.16667413711548    339.526062011719
68.348    -7.14729833602905    343.740570068359
68.848    -7.08892250061035    347.727172851563
69.349    -7.06954622268677    351.675842285156
69.849    -7.08892250061035    355.928283691406
70.349    -7.08892250061035    360.104888916016
70.849    -7.05017042160034    364.205688476563
71.349    -7.01141881942749    368.458129882813
71.849    -7.03079462051392    372.520538330078
72.349    -7.01141881942749    376.810852050781
72.85    -6.95304298400879    380.797454833984
73.35    -6.89491510391235    384.974060058594
73.85    -6.7977876663208    389.112762451172
74.35    -6.73965978622437    393.403106689453
74.85    -6.73965978622437    397.313873291016
75.35    -6.7977876663208    401.604217529297
75.85    -6.73965978622437    405.628723144531
76.351    -6.62315607070923    409.767425537109
76.851    -6.54565286636353    413.829833984375
77.351    -6.48727703094482    418.006439208984
77.851    -6.37102174758911    422.334686279297
78.351    -6.31264543533325    426.359161376953
78.851    -6.13801431655884    430.384155273438
79.351    -6.17676591873169    434.636596679688
79.851    -6.15739011764526    438.661071777344
80.352    -6.04088640213013    442.837707519531
80.852    -5.96338319778442    446.975921630859
81.352    -5.944007396698    451.038818359375
81.852    -5.88563108444214    455.329132080078
82.352    -5.73037576675415    459.315734863281
82.852    -5.67224836349487    463.492340087891
83.352    -5.63349676132202    467.630554199219
83.852    -5.55574464797974    471.9208984375
84.353    -5.40048933029175    475.717956542969
84.853    -5.3617377281189    480.046203613281
85.353    -5.32298612594604    484.222808837891
85.853    -5.1093544960022    488.209411621094
86.353    -5.14835453033447    492.423919677734
86.853    -5.07060289382935    496.486328125
87.353    -4.91534757614136    500.776672363281
87.853    -4.91534757614136    504.763732910156
88.354    -4.91534757614136    508.977783203125
88.854    -4.74071645736694    513.07861328125
89.354    -4.87659549713135    517.178894042969
89.854    -4.91534757614136    521.4697265625
90.354    -4.79884386062622    525.380493164063
90.854    -4.87659549713135    529.518737792969
91.354    -4.68258857727051    533.80908203125
91.854    -4.70196437835693    537.909851074219
92.355    -4.66321277618408    542.086486816406
92.855    -4.70196437835693    546.148864746094
93.355    -4.62421274185181    550.173400878906
93.855    -4.56608486175537    554.349975585938
94.355    -4.50795745849609    558.488708496094
94.855    -4.54670906066895    562.588989257813
95.355    -4.41082954406738    566.727722167969
95.855    -4.39145374298096    571.055969238281
96.356    -4.33307790756226    575.080444335938
96.856    -4.31370210647583    579.029113769531
97.356    -4.10031890869141    583.357360839844
97.856    -4.15844678878784    587.571899414063
98.356    -4.10031890869141    591.558471679688
98.856    -3.90631198883057    595.735107421875
99.356    -3.78980827331543    599.759582519531
99.856    -3.751056432724    604.050415039063
100.357    -3.59580111503601    608.188659667969
100.857    -3.5180492401123    612.289428710938
101.357    -3.32404232025146    616.351867675781
101.857    -3.28529047966003    620.604248046875
102.357    -3.07165908813477    624.667175292969
102.857    -2.87765216827393    628.653747558594
103.357    -2.78052425384521    633.019897460938
103.857    -2.68364500999451    636.854858398438
104.358    -2.45063781738281    641.221008300781
104.858    -2.37313437461853    645.511352539063
105.358    -2.15950298309326    649.384216308594
105.858    -1.94612002372742    653.636657714844
106.358    -1.88799238204956    657.736938476563
106.858    -1.73273706436157    661.837768554688
107.358    -1.5191056728363    666.014343261719
107.859    -1.3444744348526    670.228881835938
108.359    -1.22797083854675    674.367126464844
108.859    -1.07271552085876    678.429992675781
109.359    -0.859332501888275    682.492370605469
109.859    -0.665325462818146    686.669006347656
110.359    -0.58757358789444    690.959350585938
110.859    -0.316063016653061    694.832214355469
111.359    -0.180183529853821    699.12255859375
111.86    -0.0636799186468124    703.337097167969
112.357    -0.296438753604889    698.059204101563
112.853    -0.432318210601807    692.553894042969
113.35    -0.704077184200287    687.124389648438
113.846    -0.87870842218399    681.581176757813
114.343    -1.1698431968689    676.000061035156
114.839    -1.40285050868988    670.646362304688
115.336    -1.59685754776001    665.292663574219
115.832    -1.86861646175385    659.597839355469
116.329    -2.15950298309326    654.168334960938
116.825    -2.35375833511353    648.814636230469
117.322    -2.47001361846924    643.1572265625
117.818    -2.78052425384521    637.689819335938
118.315    -3.03290748596191    632.450317382813
118.811    -3.1881628036499    626.717102050781
119.308    -3.4211699962616    621.173828125
119.804    -3.63455295562744    615.858581542969
120.3    -3.770432472229    610.201110839844
120.797    -4.02256727218628    604.847473144531
121.293    -4.15844678878784    599.30419921875
121.79    -4.37207794189453    594.064758300781
122.286    -4.52733325958252    588.445251464844
122.783    -4.81846809387207    583.053649902344
123.279    -4.99309921264648    577.4345703125
123.776    -5.12897872924805    572.005065917969
124.272    -5.30360984802246    566.499755859375
124.769    -5.43948936462402    561.032348632813
125.265    -5.63349676132202    555.527038574219
125.762    -5.75    550.28759765625
126.258    -5.944007396698    544.554321289063
126.755    -6.09926271438599    539.238586425781
127.251    -6.19614219665527    533.657409667969
127.748    -6.37102174758911    528.303771972656
128.244    -6.48727703094482    522.684692382813
128.741    -6.66190814971924    517.3310546875
129.237    -6.83678770065308    511.787811279297
129.734    -6.89491510391235    506.282470703125
130.23    -6.99204301834106    500.738739013672
130.727    -7.05017042160034    495.233428955078
131.223    -7.22480201721191    489.690216064453
131.72    -7.28292942047119    484.260711669922
132.216    -7.43818473815918    478.907043457031
132.713    -7.49656057357788    473.250091552734
133.209    -7.63244009017944    467.934295654297
133.706    -7.82644748687744    462.543212890625
134.202    -7.74869537353516    457.037414550781
134.699    -7.90395069122314    451.722106933594
135.195    -7.92357492446899    445.950958251953
135.692    -8.00107860565186    440.597290039063
136.188    -8.09820652008057    435.167785644531
136.685    -8.11758232116699    429.700378417969
137.182    -8.44746875762939    424.309265136719
137.678    -8.58334827423096    418.765563964844
138.175    -8.64147567749023    413.412353515625
138.671    -8.69985198974609    407.944946289063
139.168    -8.7773551940918    402.325439453125
139.664    -8.83548259735107    396.858032226563
140.161    -8.93261051177979    391.542724609375
140.657    -9.01036262512207    385.885284423828
141.154    -9.08786582946777    380.342071533203
141.65    -9.18499374389648    375.026306152344
142.147    -9.34024906158447    369.596801757813
142.643    -9.39837646484375    364.091491699219
143.14    -9.57300758361816    358.510345458984
143.636    -9.63138389587402    353.080871582031
144.133    -9.767014503479    347.461822509766
144.629    -9.92227077484131    342.259765625
145.126    -10.0000219345093    336.450714111328
145.622    -10.1940288543701    331.401245117188
146.119    -10.2911567687988    325.743835449219
146.615    -10.3105325698853    320.276428222656
147.112    -10.4270362854004    314.846923828125
147.608    -10.5432920455933    309.493225097656
148.105    -10.5432920455933    303.836273193359
148.601    -10.6791715621948    298.368865966797
149.098    -10.6404190063477    292.977294921875
149.594    -10.6016674041748    287.396148681641
150.091    -10.7375469207764    281.966644287109
150.587    -10.6597957611084    276.347137451172
151.084    -10.6791715621948    271.031860351563
151.58    -10.7375469207764    265.602355957031
152.077    -10.7181711196899    260.021209716797
152.574    -10.7375469207764    254.325881958008
153.07    -10.79567527771    249.085922241211
153.567    -10.6791715621948    243.618515014648
154.063    -10.6791715621948    238.075286865234
154.56    -10.5822916030884    232.683700561523
155.056    -10.6016674041748    227.368408203125
155.553    -10.6016674041748    221.635162353516
156.049    -10.4270362854004    216.395690917969
156.546    -10.3299083709717    210.624526977539
157.042    -10.1165256500244    205.270843505859
157.539    -9.70888710021973    199.765533447266
158.035    -9.55363178253174    194.526062011719
158.532    -9.34024906158447    188.906539916992
159.028    -9.14599323272705    183.43913269043
159.525    -9.01036262512207    178.009628295898
160.021    -8.97136211395264    172.504318237305
160.518    -8.85510730743408    167.036911010742
161.014    -8.81610679626465    161.531585693359
161.511    -8.75797939300537    155.912551879883
162.007    -8.71922779083252    150.520965576172
162.504    -8.58334827423096    145.319396972656
163    -8.60272407531738    139.661956787109
163.497    -8.64147567749023    134.232467651367
163.993    -8.54459667205811    128.613433837891
164.49    -8.50559616088867    123.183937072754
164.986    -8.40871715545654    117.678619384766
165.483    -8.44746875762939    112.211212158203
165.979    -8.23408603668213    106.819625854492
166.476    -8.29221343994141    101.238494873047
166.973    -8.17570972442627    95.7710876464844
167.469    -8.15633392333984    90.3415832519531
167.966    -8.1950855255127    84.8362731933594
168.462    -8.11758232116699    79.2925643920898
168.959    -8.09820652008057    74.0909957885742
169.455    -8.05920600891113    68.4335632324219
169.952    -8.05920600891113    62.9661598205566
170.448    -8.00107860565186    57.5371437072754
170.945    -8.02045440673828    52.1834602355957
171.441    -8.00107860565186    46.5260314941406
171.938    -7.94295072555542    41.324462890625
172.434    -7.90395069122314    35.894962310791
172.931    -7.94295072555542    30.085901260376
173.427    -8.02045440673828    24.5805854797363
173.924    -7.90395069122314    19.2269020080566
174.42    -7.94295072555542    13.5699577331543
174.917    -7.92357492446899    8.36838817596436
175.413    -7.962327003479    2.97679615020752
175.91    -7.88457489013672    -2.56642556190491
176.427    -7.92357492446899    -8.22385501861572
176.944    -7.84582328796387    -14.1471223831177
177.461    -7.84582328796387    -19.9182739257813
177.978    -7.88457489013672    -25.4994029998779
178.494    -7.94295072555542    -31.0805320739746
179.011    -7.86519908905029    -36.7000541687012
179.528    -7.78769540786743    -42.6228332519531
180.044    -7.84582328796387    -48.1665420532227
180.561    -7.90395069122314    -53.7855758666992
181.078    -7.86519908905029    -59.6325454711914
181.595    -7.86519908905029    -65.2141571044922
182.112    -7.84582328796387    -71.1748504638672
182.629    -7.86519908905029    -76.7185516357422
183.146    -7.78769540786743    -82.4513168334961
183.663    -7.90395069122314    -88.2224655151367
184.18    -7.84582328796387    -93.7282638549805
184.696    -7.78769540786743    -99.4994201660156
185.213    -7.86519908905029    -105.042640686035
185.73    -7.86519908905029    -110.737976074219
186.247    -7.962327003479    -116.547035217285
186.764    -7.84582328796387    -122.203979492188
187.281    -7.82644748687744    -127.709785461426
187.798    -7.86519908905029    -133.556747436523
188.315    -7.84582328796387    -139.365814208984
188.832    -7.88457489013672    -145.061157226563
189.349    -7.86519908905029    -150.604370117188
189.866    -7.86519908905029    -156.45133972168
190.382    -7.88457489013672    -162.070861816406
190.899    -7.90395069122314    -167.804107666016
191.416    -7.90395069122314    -173.498962402344
191.933    -7.90395069122314    -179.004272460938
192.45    -7.90395069122314    -185.041259765625
192.967    -7.94295072555542    -190.508666992188
193.484    -7.90395069122314    -196.052368164063
194.001    -8.07883071899414    -201.937240600586
194.546    -7.88457489013672    -197.684814453125
195.033    -7.86519908905029    -193.66032409668
195.52    -7.84582328796387    -189.749542236328
196.007    -7.80707168579102    -185.572937011719
196.494    -7.84582328796387    -181.624252319336
196.981    -7.90395069122314    -177.296005249023
197.467    -7.86519908905029    -173.423141479492
197.954    -7.82644748687744    -169.588180541992
198.441    -7.78769540786743    -165.487869262695
198.928    -7.82644748687744    -161.463363647461
199.415    -7.78769540786743    -157.400482177734
199.902    -7.76831960678101    -153.262252807617
200.389    -7.76831960678101    -149.313583374023
200.876    -7.72931957244873    -145.32698059082
201.363    -7.84582328796387    -141.226196289063
201.85    -7.69056797027588    -137.125869750977
202.337    -7.78769540786743    -133.253005981445
202.824    -7.61306428909302    -129.152206420898
203.311    -7.63244009017944    -125.35563659668
203.798    -7.59344005584717    -120.988998413086
204.285    -7.53531265258789    -116.850776672363
204.772    -7.59344005584717    -112.977912902832
205.258    -7.53531265258789    -108.953414916992
205.745    -7.53531265258789    -104.928916931152
206.232    -7.53531265258789    -101.018142700195
206.719    -7.53531265258789    -96.9173431396484
207.206    -7.57406425476074    -92.7028198242188
207.693    -7.57406425476074    -88.9062576293945
208.18    -7.57406425476074    -84.7675476074219
208.667    -7.53531265258789    -80.7809600830078
209.154    -7.51593685150146    -76.6422576904297
209.641    -7.43818473815918    -72.8077774047852
210.128    -7.55468845367432    -68.7448883056641
210.615    -7.47718477249146    -64.75830078125
211.102    -7.43818473815918    -60.4679641723633
211.589    -7.63244009017944    -56.3676528930664
212.076    -7.47718477249146    -52.3805770874023
212.563    -7.47718477249146    -48.470287322998
213.049    -7.51593685150146    -44.1794662475586
213.536    -7.41880893707275    -40.2691764831543
214.023    -7.47718477249146    -36.0925636291504
214.51    -7.47718477249146    -32.1438789367676
214.997    -7.43818473815918    -28.3847351074219
215.484    -7.47718477249146    -24.5123538970947
215.971    -7.47718477249146    -20.1457176208496
216.458    -7.41880893707275    -16.1970348358154
216.945    -7.47718477249146    -12.3625602722168
217.432    -7.49656057357788    -7.995924949646
217.919    -7.49656057357788    -3.97142767906189
218.406    -7.47718477249146    0.015162562020123
218.906    -7.53531265258789    4.19177532196045
219.406    -7.41880893707275    8.40629577636719
219.906    -7.53531265258789    12.2407703399658
220.406    -7.47718477249146    16.6453132629395
220.906    -7.53531265258789    20.518180847168
221.407    -7.51593685150146    24.5805854797363
221.907    -7.43818473815918    28.7572002410889
222.407    -7.43818473815918    33.047534942627
222.907    -7.47718477249146    37.1478500366211
223.407    -7.51593685150146    41.5523910522461
223.907    -7.43818473815918    45.5389823913574
224.407    -7.49656057357788    49.7155952453613
224.908    -7.43818473815918    53.7400932312012
225.408    -7.3800573348999    58.1062431335449
225.908    -7.43818473815918    62.169132232666
226.408    -7.43818473815918    66.3836517333984
226.908    -7.43818473815918    70.2944259643555
227.408    -7.3800573348999    74.4705581665039
227.908    -7.43818473815918    78.7229843139648
228.408    -7.41880893707275    82.7858734130859
228.909    -7.39943313598633    86.8482818603516
229.409    -7.43818473815918    90.8727722167969
229.909    -7.53531265258789    95.0872955322266
230.409    -7.3800573348999    99.3018188476563
230.909    -7.39943313598633    103.630058288574
231.409    -7.30255365371704    107.692947387695
231.909    -7.45780897140503    111.831169128418
232.409    -7.41880893707275    115.969871520996
232.91    -7.43818473815918    120.146484375
233.41    -7.41880893707275    124.246803283691
233.91    -7.32192945480347    128.423400878906
234.41    -7.30255365371704    132.485809326172
234.91    -7.36068105697632    136.62451171875
235.41    -7.32192945480347    140.990661621094
235.91    -7.32192945480347    145.053558349609
236.411    -7.3800573348999    149.191772460938
236.911    -7.26355361938477    153.102554321289
237.411    -7.3800573348999    157.317077636719
237.911    -7.39943313598633    161.645309448242
238.411    -7.34130525588989    165.632385253906
238.911    -7.26355361938477    169.922729492188
239.411    -7.26355361938477    173.947219848633
239.911    -7.32192945480347    178.161743164063
240.411    -7.30255365371704    182.262054443359
240.911    -7.24417781829834    186.249130249023
241.411    -7.26355361938477    190.539459228516
241.911    -7.30255365371704    194.715591430664
242.411    -7.26355361938477    198.702667236328
242.911    -7.36068105697632    203.030914306641
243.411    -7.32192945480347    207.131225585938
243.912    -7.22480201721191    211.194107055664
244.412    -7.34130525588989    215.218612670898
244.912    -7.22480201721191    219.471038818359
245.412    -7.26355361938477    223.609741210938
245.912    -7.30255365371704    227.672149658203
246.412    -7.22480201721191    231.886672973633
246.912    -7.22480201721191    236.177001953125
247.412    -7.22480201721191    239.973571777344
247.913    -7.1860499382019    244.302307128906
248.413    -7.1860499382019    248.478424072266
248.913    -7.20542573928833    252.541320800781
249.413    -7.20542573928833    256.755828857422
249.913    -7.22480201721191    260.932464599609
250.413    -7.14729833602905    264.919036865234
250.913    -7.14729833602905    269.285186767578
251.414    -7.14729833602905    273.309692382813
251.914    -7.1860499382019    277.296264648438
252.414    -7.20542573928833    281.510803222656
252.914    -7.20542573928833    285.725311279297
253.414    -7.20542573928833    289.7119140625
253.914    -7.24417781829834    293.926422119141
254.414    -7.14729833602905    298.065124511719
254.914    -7.10829830169678    302.35546875
255.415    -7.1860499382019    306.266235351563
255.915    -7.20542573928833    310.404479980469
256.415    -7.14729833602905    314.581085205078
256.915    -7.16667413711548    318.719787597656
257.415    -7.14729833602905    322.934295654297
257.915    -7.1276741027832    326.768768310547
258.415    -7.08892250061035    331.249145507813
258.916    -7.16667413711548    335.197814941406
259.416    -7.03079462051392    339.374420166016
259.916    -7.14729833602905    343.474731445313
260.416    -7.10829830169678    347.727172851563
260.916    -7.08892250061035    351.752166748047
261.416    -7.05017042160034    355.890380859375
261.916    -7.05017042160034    360.029083251953
262.416    -7.1276741027832    364.053588867188
262.917    -7.10829830169678    368.305999755859
263.417    -6.99204301834106    372.444702148438
263.917    -7.01141881942749    376.848754882813
264.417    -7.05017042160034    380.835357666016
264.917    -6.97241878509521    385.087799072266
265.417    -6.95304298400879    389.036468505859
265.917    -6.7977876663208    393.061462402344
266.417    -6.75903558731079    397.427612304688
266.918    -6.72028398513794    401.490020751953
267.418    -6.62315607070923    405.628723144531
267.918    -6.58440446853638    409.729522705078
268.418    -6.50665283203125    413.829833984375
268.918    -6.44852495193481    417.968536376953
269.418    -6.37102174758911    422.06884765625
269.918    -6.31264543533325    426.397094726563
270.419    -6.29326963424683    430.345764160156
270.919    -6.11863851547241    434.598693847656
271.419    -6.09926271438599    438.812713623047
271.919    -6.00213479995728    442.875610351563
272.419    -6.06051111221313    446.900115966797
272.919    -5.92463159561157    451.076721191406
273.419    -5.88563108444214    455.177032470703
273.919    -5.75    459.543670654297
274.42    -5.71099996566772    463.530242919922
274.92    -5.61412048339844    467.706878662109
275.42    -5.55574464797974    471.882995605469
275.92    -5.41986513137817    475.907989501953
276.42    -5.28423404693604    480.160400390625
276.92    -5.24523401260376    484.222808837891
277.42    -5.22585821151733    488.475250244141
277.92    -5.1677303314209    492.461822509766
278.421    -5.08997869491577    496.600524902344
278.921    -4.95409917831421    500.815063476563
279.421    -4.97372341156006    504.801635742188
279.921    -4.93472337722778    509.054077148438
280.421    -4.87659549713135    513.306518554688
280.921    -4.87659549713135    517.255187988281
281.421    -4.93472337722778    521.4697265625
281.921    -4.81846809387207    525.532165527344
282.421    -4.85721969604492    529.746643066406
282.922    -4.81846809387207    533.923278808594
283.422    -4.77946805953979    537.985656738281
283.922    -4.64358854293823    542.086486816406
284.422    -4.74071645736694    546.338928222656
284.922    -4.70196437835693    550.363403320313
285.422    -4.62421274185181    554.501586914063
285.922    -4.62421274185181    558.716125488281
286.422    -4.5854606628418    562.664794921875
286.922    -4.39145374298096    566.955139160156
287.423    -4.44958162307739    570.942260742188
287.923    -4.23619842529297    575.346313476563
288.423    -4.25557422637939    579.370788574219
288.923    -4.19744682312012    583.623229980469
289.423    -4.10031890869141    587.875610351563
289.923    -4.06156730651855    591.862243652344
290.423    -3.86731171607971    596.000915527344
290.923    -3.770432472229    600.063354492188
291.423    -3.78980827331543    604.39208984375
291.924    -3.63455295562744    608.416564941406
292.424    -3.49867343902588    612.669006347656
292.924    -3.32404232025146    616.807678222656
293.424    -3.20753860473633    620.908020019531
293.924    -2.99415564537048    625.0087890625
294.424    -2.89702796936035    628.95751953125
294.924    -2.76114845275879    633.247802734375
295.424    -2.66426920890808    637.538146972656
295.925    -2.47001361846924    641.638488769531
296.425    -2.37313437461853    645.701354980469
296.925    -2.21787881851196    649.99169921875
297.425    -2.15950298309326    654.092041015625
297.925    -1.94612002372742    658.0791015625
298.425    -1.73273706436157    662.369445800781
298.925    -1.65498518943787    666.356018066406
299.425    -1.32509851455688    670.3046875
299.926    -1.18921911716461    674.785034179688
300.425    -1.05333960056305    678.923278808594
300.925    -0.801204919815063    683.024047851563
301.425    -0.723453044891357    687.314392089844
301.925    -0.548821806907654    691.110961914063
302.425    -0.374190628528595    695.401306152344
302.925    -0.16080766916275    699.577941894531
303.426    -0.0249281860888004    703.6787109375
303.923    -0.277062863111496    698.40087890625
304.419    -0.4516941010952    693.047668457031
304.916    -0.60694944858551    687.693969726563
305.412    -0.898084282875061    682.074951171875
305.909    -1.1698431968689    676.645446777344
306.405    -1.40285050868988    671.291748046875
306.902    -1.81024050712585    665.520568847656
307.398    -1.9267441034317    660.091125488281
307.895    -2.10137534141541    654.623718261719
308.391    -2.3343825340271    649.156311035156
308.888    -2.52838969230652    643.537231445313
309.384    -2.66426920890808    638.031921386719
309.881    -3.01353144645691    632.602416992188
310.377    -3.14941096305847    627.097106933594
310.874    -3.45992159843445    621.667602539063
311.37    -3.57642531394958    616.313903808594
311.867    -3.80918407440186    610.618591308594
312.363    -3.96443939208984    605.341186523438
312.86    -4.17782258987427    599.759582519531
313.356    -4.33307790756226    594.482238769531
313.853    -4.54670906066895    588.863159179688
314.349    -4.76009225845337    583.357360839844
314.846    -5.05122709274292    578.004150390625
315.342    -5.12897872924805    572.422546386719
315.839    -5.32298612594604    566.879333496094
316.335    -5.49761724472046    561.526123046875
316.832    -5.63349676132202    555.944519042969
317.328    -5.80812788009644    550.515014648438
317.825    -5.98275899887085    545.19970703125
318.321    -6.04088640213013    539.656494140625
318.818    -6.15739011764526    534.11279296875
319.314    -6.44852495193481    528.683288574219
319.811    -6.5262770652771    523.368041992188
320.307    -6.62315607070923    517.634765625
320.804    -6.7977876663208    512.205261230469
321.3    -6.89491510391235    506.699920654297
321.797    -6.93366718292236    501.232513427734
322.293    -7.14729833602905    495.878845214844
322.79    -7.16667413711548    490.297698974609
323.287    -7.28292942047119    484.906127929688
323.783    -7.36068105697632    479.400787353516
324.28    -7.61306428909302    473.781768798828
324.776    -7.55468845367432    468.352264404297
325.273    -7.69056797027588    462.732727050781
325.769    -7.82644748687744    457.455352783203
326.266    -7.82644748687744    452.025848388672
326.762    -7.88457489013672    446.596343994141
327.259    -8.02045440673828    440.938934326172
327.755    -8.05920600891113    435.509918212891
328.252    -8.07883071899414    430.080413818359
328.748    -8.31158924102783    424.650909423828
329.245    -8.54459667205811    419.069305419922
329.741    -8.58334827423096    413.753997802734
330.238    -8.69985198974609    408.362426757813
330.734    -8.71922779083252    402.970825195313
331.231    -8.73860359191895    397.351776123047
331.727    -8.91323471069336    392.150207519531
332.224    -9.0297384262085    386.530700683594
332.72    -9.14599323272705    380.949554443359
333.217    -9.16561794281006    375.520080566406
333.713    -9.30124855041504    370.166381835938
334.21    -9.4371280670166    364.585266113281
334.706    -9.49550437927246    359.004119873047
335.203    -9.57300758361816    353.726257324219
335.699    -9.70888710021973    348.220947265625
336.196    -9.86414241790771    342.829345703125
336.692    -10.0000219345093    337.551971435547
337.189    -10.1165256500244    331.856628417969
337.685    -10.1746530532837    326.275482177734
338.182    -10.3105325698853    320.959716796875
338.678    -10.3686609268188    315.530212402344
339.175    -10.5239162445068    310.214935302734
339.671    -10.562915802002    304.709625244141
340.168    -10.6404190063477    298.976379394531
340.664    -10.6597957611084    293.508972167969
341.161    -10.6404190063477    288.269500732422
341.657    -10.6404190063477    282.725769042969
342.154    -10.6985473632813    277.296264648438
342.651    -10.6791715621948    271.601440429688
343.147    -10.6404190063477    266.323547363281
343.644    -10.7375469207764    260.932464599609
344.14    -10.7181711196899    255.388748168945
344.637    -10.6404190063477    249.845520019531
345.133    -10.6597957611084    244.378112792969
345.63    -10.6404190063477    238.948608398438
346.126    -10.6404190063477    233.29118347168
346.623    -10.6404190063477    227.823776245117
347.119    -10.5045404434204    222.394760131836
347.616    -10.4657878875732    217.116897583008
348.112    -10.3686609268188    211.535766601563
348.609    -10.1359014511108    206.219985961914
349.105    -9.86414241790771    200.563049316406
349.602    -9.61175918579102    195.133544921875
350.098    -9.39837646484375    189.704040527344
350.595    -9.22374534606934    184.388275146484
351.091    -8.99073791503906    178.731323242188
351.588    -8.93261051177979    173.377639770508
352.084    -8.91323471069336    167.796508789063
352.581    -8.73860359191895    162.480728149414
353.077    -8.71922779083252    156.899597167969
353.574    -8.69985198974609    151.508010864258
354.07    -8.69985198974609    146.040603637695
354.567    -8.60272407531738    140.45947265625
355.063    -8.62209987640381    135.181610107422
355.56    -8.48622035980225    129.752105712891
356.056    -8.48622035980225    124.208892822266
356.553    -8.50559616088867    118.779396057129
357.049    -8.29221343994141    113.198265075684
357.546    -8.35034084320068    107.655044555664
358.042    -8.21446132659912    102.415077209473
358.539    -8.15633392333984    96.9476699829102
359.035    -8.17570972442627    91.4423599243164
359.532    -8.09820652008057    85.7854156494141
360.027    -8.15633392333984    80.6596603393555
360.524    -8.11758232116699    75.192253112793
361.02    -8.07883071899414    69.4590072631836
361.517    -8.07883071899414    64.0295104980469
362.013    -8.00107860565186    58.6000099182129
362.51    -8.05920600891113    53.2084159851074
363.007    -8.02045440673828    47.8552169799805
363.503    -8.02045440673828    42.2736015319824
364    -8.02045440673828    36.8441047668457
364.496    -7.94295072555542    31.3387870788574
364.993    -7.94295072555542    25.6055431365967
365.489    -8.00107860565186    20.2144374847412
365.986    -7.94295072555542    14.6707286834717
366.482    -7.92357492446899    9.65918254852295
366.979    -7.94295072555542    4.07805347442627
367.475    -8.00107860565186    -1.4277468919754
367.992    -7.90395069122314    -7.23680591583252
368.509    -7.92357492446899    -12.9321432113647
369.026    -7.86519908905029    -18.6649017333984
369.543    -7.88457489013672    -24.284423828125
370.06    -7.92357492446899    -30.0555763244629
370.577    -7.90395069122314    -35.6746101379395
371.094    -7.90395069122314    -41.369945526123
371.611    -7.94295072555542    -46.9894676208496
372.127    -7.86519908905029    -52.6843223571777
372.644    -7.92357492446899    -58.6075859069824
373.161    -7.86519908905029    -64.1508102416992
373.678    -7.82644748687744    -69.8840560913086
374.195    -7.80707168579102    -75.5035781860352
374.712    -7.86519908905029    -81.2363357543945
375.229    -7.84582328796387    -86.8179473876953
375.746    -7.84582328796387    -92.7028198242188
376.263    -7.88457489013672    -98.2844390869141
376.78    -7.80707168579102    -103.865570068359
377.297    -7.94295072555542    -109.598808288574
377.813    -7.86519908905029    -115.332054138184
378.33    -7.86519908905029    -121.065299987793
378.847    -7.86519908905029    -126.68433380127
379.364    -7.86519908905029    -132.531311035156
379.881    -7.90395069122314    -138.226654052734
380.398    -7.90395069122314    -143.884078979492
380.915    -7.90395069122314    -149.465209960938
381.432    -7.80707168579102    -155.122634887695
381.949    -7.84582328796387    -160.817977905273
382.466    -7.98170280456543    -166.43701171875
382.983    -7.86519908905029    -172.094436645508
383.499    -7.98170280456543    -177.789291381836
384.016    -7.94295072555542    -183.788375854492
384.533    -7.94295072555542    -189.369979858398
385.05    -7.90395069122314    -194.951110839844
385.567    -7.94295072555542    -200.646453857422
386.112    -7.78769540786743    -196.431930541992
386.599    -7.86519908905029    -192.596969604492
387.086    -7.90395069122314    -188.306640625
387.573    -7.84582328796387    -184.395858764648
388.06    -7.90395069122314    -180.371368408203
388.546    -7.82644748687744    -176.156845092773
389.033    -7.84582328796387    -172.170257568359
389.52    -7.76831960678101    -168.145751953125
390.007    -7.80707168579102    -164.082870483398
390.494    -7.80707168579102    -160.020462036133
390.981    -7.78769540786743    -155.995956420898
391.468    -7.72931957244873    -151.933074951172
391.955    -7.78769540786743    -147.756942749023
392.442    -7.78769540786743    -143.921981811523
392.929    -7.74869537353516    -140.087020874023
393.416    -7.69056797027588    -135.682968139648
393.903    -7.72931957244873    -131.923828125
394.39    -7.63244009017944    -127.823509216309
394.877    -7.69056797027588    -123.8369140625
395.364    -7.65181589126587    -119.470275878906
395.851    -7.63244009017944    -115.559989929199
396.337    -7.53531265258789    -111.497093200684
396.824    -7.61306428909302    -107.434692382813
397.311    -7.57406425476074    -103.48600769043
397.798    -7.51593685150146    -99.3852081298828
398.285    -7.59344005584717    -95.5507354736328
398.772    -7.53531265258789    -91.3741226196289
399.259    -7.57406425476074    -87.6149749755859
399.746    -7.51593685150146    -83.4009399414063
400.233    -7.47718477249146    -79.3380508422852
400.72    -7.53531265258789    -75.2756423950195
401.207    -7.57406425476074    -71.3648681640625
401.694    -7.47718477249146    -67.3024673461914
402.181    -7.45780897140503    -63.163761138916
402.668    -7.49656057357788    -59.2908935546875
403.155    -7.59344005584717    -55.3043022155762
403.641    -7.51593685150146    -50.9002456665039
404.128    -7.45780897140503    -47.0273780822754
404.615    -7.51593685150146    -42.6991348266602
405.102    -7.3800573348999    -39.0541954040527
405.589    -7.53531265258789    -35.1055145263672
406.076    -7.51593685150146    -31.0805320739746
406.563    -7.57406425476074    -27.0560340881348
407.05    -7.53531265258789    -22.9936294555664
407.537    -7.57406425476074    -19.0449466705322
408.024    -7.53531265258789    -14.9062414169312
408.511    -7.47718477249146    -10.8438367843628
408.998    -7.41880893707275    -6.74303817749023
409.485    -7.47718477249146    -2.94647097587585
409.972    -7.47718477249146    1.23014187812805
410.472    -7.51593685150146    5.36884737014771
410.972    -7.49656057357788    9.54546070098877
411.472    -7.53531265258789    13.4178428649902
411.972    -7.51593685150146    17.7465705871582
412.472    -7.55468845367432    21.618953704834
412.973    -7.47718477249146    25.8334732055664
413.473    -7.51593685150146    30.1238079071045
413.973    -7.47718477249146    34.1866989135742
414.473    -7.47718477249146    38.2870140075684
414.973    -7.43818473815918    42.5773468017578
415.473    -7.41880893707275    46.5260314941406
415.973    -7.45780897140503    50.740550994873
416.473    -7.41880893707275    54.6892356872559
416.974    -7.43818473815918    58.7900314331055
417.474    -7.43818473815918    62.9661598205566
417.974    -7.45780897140503    67.2185897827148
418.474    -7.41880893707275    71.357292175293
418.974    -7.41880893707275    75.4197006225586
419.474    -7.51593685150146    79.5204925537109
419.974    -7.51593685150146    83.7350158691406
420.474    -7.3800573348999    87.7974166870117
420.974    -7.41880893707275    91.7840118408203
421.474    -7.47718477249146    96.0364379882813
421.974    -7.47718477249146    100.061424255371
422.474    -7.34130525588989    104.427574157715
422.974    -7.39943313598633    108.414161682129
423.474    -7.39943313598633    112.438659667969
423.974    -7.51593685150146    116.653175354004
424.475    -7.43818473815918    120.867698669434
424.975    -7.3800573348999    124.892196655273
425.475    -7.41880893707275    129.258819580078
425.975    -7.47718477249146    133.16960144043
426.475    -7.45780897140503    137.459930419922
426.975    -7.47718477249146    141.522338867188
427.475    -7.36068105697632    145.661041259766
427.976    -7.34130525588989    149.723449707031
428.476    -7.36068105697632    153.90007019043
428.976    -7.32192945480347    158.228302001953
429.476    -7.3800573348999    162.214889526367
429.976    -7.39943313598633    166.505722045898
430.476    -7.3800573348999    170.530212402344
430.976    -7.30255365371704    174.668426513672
431.476    -7.32192945480347    178.693420410156
431.977    -7.28292942047119    182.983749389648
432.477    -7.34130525588989    187.084060668945
432.977    -7.20542573928833    191.184860229492
433.477    -7.36068105697632    195.361480712891
433.977    -7.24417781829834    199.613906860352
434.477    -7.22480201721191    203.600494384766
434.977    -7.28292942047119    207.928741455078
435.478    -7.22480201721191    211.991134643555
435.978    -7.34130525588989    216.091934204102
436.478    -7.32192945480347    220.116439819336
436.978    -7.32192945480347    224.444671630859
437.478    -7.22480201721191    228.393356323242
437.978    -7.24417781829834    232.607879638672
438.478    -7.24417781829834    236.594467163086
438.978    -7.30255365371704    240.808990478516
439.479    -7.20542573928833    245.099319458008
439.979    -7.22480201721191    249.048004150391
440.479    -7.14729833602905    253.110900878906
440.979    -7.20542573928833    257.325408935547
441.479    -7.20542573928833    261.463653564453
441.979    -7.1860499382019    265.602355957031
442.479    -7.14729833602905    269.664764404297
442.979    -7.14729833602905    273.727630615234
443.48    -7.20542573928833    278.093780517578
443.98    -7.22480201721191    282.232482910156
444.48    -7.16667413711548    286.370727539063
444.98    -7.28292942047119    290.053558349609
445.48    -7.24417781829834    294.533905029297
445.98    -7.10829830169678    298.786346435547
446.48    -7.16667413711548    302.810852050781
446.98    -7.16667413711548    307.215393066406
447.481    -7.20542573928833    311.277801513672
447.981    -7.1276741027832    315.226470947266
448.481    -7.1276741027832    319.289367675781
448.981    -7.14729833602905    323.200134277344
449.481    -7.16667413711548    327.528381347656
449.981    -7.10829830169678    331.780822753906
450.481    -7.1276741027832    335.957427978516
450.982    -7.10829830169678    340.095642089844
451.482    -7.16667413711548    343.968505859375
451.982    -7.08892250061035    348.334655761719
452.482    -7.08892250061035    352.283355712891
452.982    -7.10829830169678    356.535766601563
453.482    -7.1276741027832    360.674468994141
453.982    -7.05017042160034    364.698974609375
454.482    -7.08892250061035    368.951416015625
454.983    -6.93366718292236    373.128021240234
455.483    -6.99204301834106    377.152526855469
455.983    -7.03079462051392    381.367034912109
456.483    -6.91429090499878    385.429931640625
456.983    -6.99204301834106    389.530242919922
457.483    -6.8561635017395    393.782653808594
457.983    -6.77841138839722    397.921356201172
458.484    -6.75903558731079    402.135894775391
458.984    -6.66190814971924    406.160400390625
459.484    -6.62315607070923    410.260711669922
459.984    -6.54565286636353    414.247283935547
460.484    -6.44852495193481    418.461822509766
460.984    -6.31264543533325    422.562622070313
461.484    -6.31264543533325    426.739227294922
461.984    -6.15739011764526    431.029541015625
462.485    -6.15739011764526    434.940338134766
462.985    -6.07988691329956    439.268585205078
463.485    -6.11863851547241    443.407287597656
463.985    -6.00213479995728    447.431762695313
464.485    -5.96338319778442    451.456268310547
464.985    -5.92463159561157    455.670806884766
465.485    -5.76937627792358    459.847412109375
465.986    -5.73037576675415    463.871917724609
466.486    -5.65287256240845    467.858489990234
466.986    -5.55574464797974    472.148834228516
467.486    -5.41986513137817    476.325439453125
467.986    -5.43948936462402    480.425750732422
468.486    -5.3617377281189    484.488647460938
468.986    -5.22585821151733    488.741088867188
469.486    -5.1677303314209    492.841400146484
469.986    -5.03185129165649    497.055908203125
470.487    -4.97372341156006    501.194610595703
470.987    -4.97372341156006    505.257019042969
471.487    -4.97372341156006    509.281524658203
471.987    -4.85721969604492    513.49609375
472.487    -4.89597177505493    517.558959960938
472.987    -4.8378438949585    521.849304199219
473.487    -4.85721969604492    525.949584960938
473.987    -4.81846809387207    530.088317871094
474.488    -4.81846809387207    534.11279296875
474.988    -4.79884386062622    538.403137207031
475.488    -4.77946805953979    542.428100585938
475.988    -4.74071645736694    546.642639160156
476.488    -4.54670906066895    550.742980957031
476.988    -4.66321277618408    554.729553222656
477.488    -4.52733325958252    558.906188964844
477.988    -4.56608486175537    563.158569335938
478.488    -4.43020534515381    567.373107910156
478.989    -4.43020534515381    571.32177734375
479.489    -4.43020534515381    575.650024414063
479.989    -4.31370210647583    579.636596679688
480.488    -4.19744682312012    583.699523925781
480.988    -4.13907051086426    587.989868164063
481.488    -4.10031890869141    591.976440429688
481.988    -3.98381543159485    596.114685058594
482.488    -3.86731171607971    600.101745605469
482.989    -3.71205639839172    604.354187011719
483.489    -3.67330455780029    608.454467773438
483.989    -3.47929763793945    612.744812011719
484.489    -3.4211699962616    616.959350585938
484.989    -3.24629044532776    620.983825683594
485.489    -3.14941096305847    625.046691894531
485.989    -2.91640377044678    629.26123046875
486.489    -2.80014848709106    633.247802734375
486.99    -2.64489316940308    637.576049804688
487.49    -2.52838969230652    641.676879882813
487.99    -2.35375833511353    645.815063476563
488.49    -2.23725485801697    649.953796386719
488.99    -2.04324769973755    654.206237792969
489.49    -2.04324769973755    658.0791015625
489.99    -1.73273706436157    662.445251464844
490.491    -1.57748162746429    666.507629394531
490.991    -1.38322615623474    670.456298828125
491.491    -1.22797083854675    674.708740234375
491.991    -0.995212018489838    678.999084472656
492.491    -0.820580780506134    683.061950683594
492.991    -0.62657368183136    687.2001953125
493.491    -0.471318364143372    691.376831054688
493.991    -0.393566489219666    695.135986328125
494.492    -0.121807523071766    699.502136230469
494.992    -0.0443040542304516    703.716613769531
495.489    -0.277062863111496    698.477172851563
495.985    -0.548821806907654    692.933471679688
496.482    -0.704077184200287    687.466064453125
496.978    -0.937084436416626    681.922790527344
497.475    -1.22797083854675    676.341674804688
497.971    -1.38322615623474    670.987976074219
498.468    -1.65498518943787    665.444763183594
498.964    -1.90736818313599    660.015258789063
499.461    -2.15950298309326    654.585754394531
499.957    -2.31475830078125    648.928344726563
500.454    -2.50901365280151    643.537231445313
500.951    -2.8389003276825    637.917724609375
501.447    -2.99415564537048    632.488220214844
501.944    -3.24629044532776    626.831298828125
502.44    -3.4211699962616    621.325988769531
502.937    -3.63455295562744    615.820190429688
503.433    -3.82856011390686    610.429077148438
503.93    -4.11969470977783    605.037475585938
504.426    -4.17782258987427    599.380065917969
504.923    -4.46895742416382    593.988464355469
505.419    -4.52733325958252    588.445251464844
505.916    -4.79884386062622    582.977844238281
506.412    -5.01247501373291    577.54833984375
506.909    -5.08997869491577    571.853454589844
507.405    -5.41986513137817    566.386047363281
507.902    -5.49761724472046    560.95654296875
508.398    -5.65287256240845    555.412841796875
508.895    -5.80812788009644    550.211303710938
509.391    -5.92463159561157    544.440124511719
509.888    -6.09926271438599    538.745300292969
510.384    -6.25451803207397    533.315795898438
510.881    -6.40977334976196    528.227905273438
511.377    -6.54565286636353    522.532592773438
511.874    -6.68153238296509    516.989379882813
512.37    -6.7977876663208    511.407745361328
512.867    -6.89491510391235    506.130340576172
513.363    -7.01141881942749    500.511322021484
513.86    -7.14729833602905    495.043914794922
514.356    -7.26355361938477    489.652313232422
514.853    -7.26355361938477    483.994873046875
515.349    -7.51593685150146    478.489562988281
515.846    -7.57406425476074    472.946350097656
516.342    -7.65181589126587    467.478942871094
516.839    -7.69056797027588    461.859405517578
517.335    -7.80707168579102    456.58203125
517.832    -7.84582328796387    451.228332519531
518.328    -7.962327003479    445.723022460938
518.825    -7.962327003479    440.10400390625
519.322    -8.11758232116699    434.674499511719
519.818    -8.07883071899414    429.054962158203
520.315    -8.27283763885498    423.701782226563
520.811    -8.44746875762939    418.195983886719
521.308    -8.66085147857666    412.8427734375
521.804    -8.71922779083252    407.109527587891
522.301    -8.75797939300537    401.870056152344
522.797    -8.75797939300537    396.250518798828
523.294    -8.95198631286621    390.783111572266
523.79    -9.04911422729492    385.277801513672
524.287    -9.1072416305542    379.848297119141
524.783    -9.34024906158447    374.267181396484
525.28    -9.4371280670166    368.799774169922
525.776    -9.45650386810303    363.256561279297
526.273    -9.53425598144531    357.827056884766
526.769    -9.65075969696045    352.435455322266
527.266    -9.74763870239258    347.005950927734
527.762    -9.94189453125    341.310638427734
528.259    -10.0193977355957    336.109039306641
528.755    -10.1940288543701    330.299987792969
529.252    -10.2911567687988    324.908416748047
529.748    -10.3686609268188    319.516815185547
530.245    -10.407660484314    313.897766113281
530.741    -10.562915802002    308.46826171875
531.238    -10.6404190063477    302.849243164063
531.734    -10.6404190063477    297.495544433594
532.231    -10.7375469207764    291.838134765625
532.727    -10.6210432052612    286.636566162109
533.224    -10.6791715621948    281.017517089844
533.72    -10.7375469207764    275.550109863281
534.217    -10.7762985229492    270.158508300781
534.713    -10.79567527771    264.539001464844
535.21    -10.7375469207764    259.109985351563
535.706    -10.7181711196899    253.566268920898
536.203    -10.6597957611084    248.174682617188
536.699    -10.7181711196899    242.669372558594
537.196    -10.7181711196899    237.278259277344
537.692    -10.6791715621948    231.620834350586
538.189    -10.6016674041748    226.381362915039
538.686    -10.562915802002    220.610198974609
539.182    -10.5239162445068    215.370239257813
539.679    -10.3299083709717    209.713302612305
540.174    -10.0775260925293    204.359619140625
540.671    -9.78663921356201    198.854293823242
541.167    -9.49550437927246    193.38688659668
541.664    -9.30124855041504    187.843673706055
542.16    -9.18499374389648    182.414169311523
542.657    -9.06849002838135    176.870941162109
543.153    -8.91323471069336    171.479354858398
543.65    -8.89385890960693    165.936141967773
544.146    -8.81610679626465    160.316604614258
544.643    -8.85510730743408    154.773391723633
545.139    -8.69985198974609    149.343887329102
545.636    -8.68022727966309    143.952301025391
546.132    -8.66085147857666    138.446990966797
546.629    -8.54459667205811    133.093292236328
547.125    -8.54459667205811    127.474266052246
547.622    -8.54459667205811    121.778930664063
548.118    -8.36971664428711    116.50154876709
548.615    -8.48622035980225    111.109954833984
549.111    -8.40871715545654    105.642547607422
549.608    -8.23408603668213    100.137237548828
550.104    -8.27283763885498    94.6319198608398
550.601    -8.25346183776855    89.0886993408203
551.097    -8.17570972442627    83.5829010009766
551.594    -8.21446132659912    78.039680480957
552.09    -8.07883071899414    72.6480865478516
552.587    -8.09820652008057    67.2569808959961
553.083    -8.09820652008057    61.5616416931152
553.58    -7.98170280456543    56.3221664428711
554.076    -8.09820652008057    50.740550994873
554.573    -8.07883071899414    45.3110504150391
555.069    -8.02045440673828    39.8815536499023
555.566    -8.07883071899414    34.1866989135742
556.062    -8.02045440673828    28.7572002410889
556.559    -8.02045440673828    23.1376762390137
557.055    -7.92357492446899    17.8982009887695
557.552    -8.02045440673828    12.3928861618042
558.048    -7.94295072555542    7.03920078277588
558.545    -7.90395069122314    1.49597930908203
559.041    -7.90395069122314    -4.04724216461182
559.558    -7.92357492446899    -9.78048706054688
560.075    -7.90395069122314    -15.3621015548706
560.592    -7.90395069122314    -21.2848834991455
561.109    -7.86519908905029    -26.9802207946777
561.626    -7.84582328796387    -32.6371612548828
562.143    -7.88457489013672    -38.2187767028809
562.66    -7.94295072555542    -44.0278358459473
563.177    -7.86519908905029    -49.6089630126953
563.694    -7.84582328796387    -55.3801155090332
564.211    -7.88457489013672    -61.2654762268066
564.727    -7.80707168579102    -66.6565856933594
565.244    -7.94295072555542    -72.6556625366211
565.761    -7.86519908905029    -78.1988830566406
566.278    -7.84582328796387    -84.0842437744141
566.795    -7.86519908905029    -89.5895614624023
567.312    -7.84582328796387    -95.3986206054688
567.829    -7.86519908905029    -101.283981323242
568.346    -7.92357492446899    -106.903015136719
568.863    -7.90395069122314    -112.598350524902
569.38    -7.90395069122314    -118.065757751465
569.897    -7.90395069122314    -124.140655517578
570.413    -7.86519908905029    -129.835998535156
570.93    -7.82644748687744    -135.530853271484
571.447    -7.90395069122314    -140.998260498047
571.964    -7.90395069122314    -146.959426879883
572.481    -7.86519908905029    -152.464752197266
572.998    -7.88457489013672    -158.273803710938
573.515    -7.962327003479    -163.7412109375
574.032    -8.00107860565186    -169.664474487305
574.549    -7.962327003479    -175.207702636719
575.066    -7.86519908905029    -180.978851318359
575.583    -8.00107860565186    -186.863723754883
576.099    -8.02045440673828    -192.52116394043
576.616    -7.98170280456543    -198.29231262207
577.133    -8.07883071899414    -203.797622680664
