"sec"   "mA"   "mV"
0.061   -617.514526367188   -1078.35546875
0.066   -617.514526367188   -1078.35546875
0.071   -617.844543457031   -1078.0517578125
0.077   -617.844543457031   -1078.0517578125
0.082   -617.922180175781   -1077.21655273438
0.087   -617.922180175781   -1077.21655273438
0.092   -617.708679199219   -1075.62182617188
0.097   -617.669799804688   -1074.3310546875
0.103   -617.669799804688   -1074.3310546875
0.108   -617.8056640625   -1073.07788085938
0.113   -617.8056640625   -1073.07788085938
0.118   -617.844543457031   -1071.93896484375
0.123   -617.844543457031   -1071.93896484375
0.128   -617.766906738281   -1070.95166015625
0.134   -617.766906738281   -1070.95166015625
0.139   -617.766906738281   -1070.30627441406
0.144   -617.766906738281   -1070.30627441406
0.149   -617.766906738281   -1070.30627441406
0.154   -617.708679199219   -1070.23046875
0.16   -617.708679199219   -1070.23046875
0.165   -617.747436523438   -1070.23046875
0.17   -617.747436523438   -1070.23046875
0.175   -617.766906738281   -1070.15441894531
0.18   -617.766906738281   -1070.15441894531
0.186   -617.747436523438   -1070.30627441406
0.191   -617.747436523438   -1070.30627441406
0.196   -617.689331054688   -1070.04040527344
0.201   -617.689331054688   -1070.04040527344
0.206   -617.689331054688   -1070.04040527344
0.212   -617.747436523438   -1069.20520019531
0.217   -617.747436523438   -1069.20520019531
0.222   -617.766906738281   -1068.59777832031
0.227   -617.766906738281   -1068.59777832031
0.232   -617.747436523438   -1067.53466796875
0.238   -617.747436523438   -1067.53466796875
0.243   -617.708679199219   -1066.16784667969
0.248   -617.708679199219   -1066.16784667969
0.253   -617.766906738281   -1064.38317871094
0.258   -617.766906738281   -1064.38317871094
0.263   -617.766906738281   -1064.38317871094
0.269   -617.72802734375   -1060.09289550781
0.274   -617.72802734375   -1060.09289550781
0.279   -617.689331054688   -1056.6376953125
0.284   -617.689331054688   -1056.6376953125
0.289   -617.689331054688   -1050.10717773438
0.295   -617.689331054688   -1050.10717773438
0.3   -617.708679199219   -1041.14672851563
0.305   -617.708679199219   -1041.14672851563
0.31   -617.689331054688   -1031.61669921875
0.315   -617.650451660156   -1021.4033203125
0.321   -617.650451660156   -1021.4033203125
0.326   -617.631042480469   -1009.29144287109
0.331   -617.631042480469   -1009.29144287109
0.336   -617.631042480469   -995.926696777344
0.341   -617.631042480469   -995.926696777344
0.347   -617.631042480469   -982.410034179688
0.352   -617.631042480469   -982.410034179688
0.357   -617.611694335938   -969.083190917969
0.362   -617.611694335938   -969.083190917969
0.367   -617.631042480469   -956.819641113281
0.373   -617.669799804688   -945.656921386719
0.378   -617.669799804688   -945.656921386719
0.383   -617.650451660156   -936.506652832031
0.388   -617.650451660156   -936.506652832031
0.393   -617.650451660156   -928.571411132813
0.399   -617.650451660156   -928.571411132813
0.404   -617.669799804688   -921.509216308594
0.409   -617.669799804688   -921.509216308594
0.414   -617.669799804688   -915.472229003906
0.419   -617.669799804688   -915.472229003906
0.424   -617.650451660156   -910.802307128906
0.43   -617.669799804688   -906.321960449219
0.435   -617.669799804688   -906.321960449219
0.44   -617.747436523438   -902.525390625
0.445   -617.747436523438   -902.525390625
0.45   -617.72802734375   -899.601684570313
0.456   -617.72802734375   -899.601684570313
0.461   -617.669799804688   -896.677917480469
0.466   -617.669799804688   -896.677917480469
0.471   -617.650451660156   -893.792602539063
0.476   -617.650451660156   -893.792602539063
0.482   -617.650451660156   -893.792602539063
0.487   -617.689331054688   -889.540161132813
0.492   -617.689331054688   -889.540161132813
0.497   -617.708679199219   -887.831420898438
0.502   -617.708679199219   -887.831420898438
0.508   -617.689331054688   -886.388549804688
0.513   -617.689331054688   -886.388549804688
0.518   -617.689331054688   -884.831909179688
0.523   -617.689331054688   -884.831909179688
0.528   -617.708679199219   -883.161560058594
0.533   -617.708679199219   -883.161560058594
0.539   -617.708679199219   -883.161560058594
0.544   -617.747436523438   -881.035339355469
0.549   -617.747436523438   -881.035339355469
0.554   -617.72802734375   -879.592407226563
0.559   -617.72802734375   -879.592407226563
0.565   -617.689331054688   -878.301635742188
0.57   -617.689331054688   -878.301635742188
0.575   -617.689331054688   -877.010314941406
0.58   -617.689331054688   -877.010314941406
0.585   -617.72802734375   -875.757446289063
0.591   -617.72802734375   -875.757446289063
0.596   -617.72802734375   -875.757446289063
0.601   -617.766906738281   -873.175842285156
0.606   -617.766906738281   -873.175842285156
0.611   -617.747436523438   -871.163391113281
0.616   -617.747436523438   -871.163391113281
0.622   -617.689331054688   -869.682556152344
0.627   -617.689331054688   -869.682556152344
0.632   -617.72802734375   -868.050109863281
0.637   -617.72802734375   -868.050109863281
0.642   -617.747436523438   -866.910949707031
0.648   -617.747436523438   -865.354309082031
0.653   -617.747436523438   -865.354309082031
0.658   -617.72802734375   -863.4560546875
0.663   -617.72802734375   -863.4560546875
0.668   -617.708679199219   -861.595642089844
0.674   -617.708679199219   -861.595642089844
0.679   -617.708679199219   -860.076904296875
0.684   -617.708679199219   -860.076904296875
0.689   -617.747436523438   -858.254455566406
0.694   -617.747436523438   -858.254455566406
0.7   -617.786315917969   -856.545715332031
0.705   -617.786315917969   -854.989074707031
0.71   -617.786315917969   -854.989074707031
0.715   -617.766906738281   -853.432434082031
0.72   -617.766906738281   -853.432434082031
0.725   -617.766906738281   -852.217468261719
0.731   -617.766906738281   -852.217468261719
0.736   -617.747436523438   -851.154113769531
0.741   -617.747436523438   -851.154113769531
0.746   -617.72802734375   -850.280822753906
0.751   -617.72802734375   -850.280822753906
0.757   -617.747436523438   -849.217956542969
0.762   -617.766906738281   -848.0029296875
0.767   -617.766906738281   -848.0029296875
0.772   -617.8056640625   -846.97802734375
0.777   -617.8056640625   -846.97802734375
0.783   -617.766906738281   -846.218383789063
0.788   -617.766906738281   -846.218383789063
0.793   -617.747436523438   -845.231323242188
0.798   -617.747436523438   -845.231323242188
0.803   -617.786315917969   -844.509643554688
0.808   -617.786315917969   -844.509643554688
0.814   -617.786315917969   -843.484680175781
0.819   -617.8056640625   -842.990905761719
0.824   -617.8056640625   -842.990905761719
0.829   -617.8056640625   -842.383422851563
0.834   -617.8056640625   -842.383422851563
0.84   -617.747436523438   -841.662231445313
0.845   -617.747436523438   -841.662231445313
0.85   -617.708679199219   -840.941040039063
0.855   -617.708679199219   -840.941040039063
0.86   -617.747436523438   -840.637268066406
0.866   -617.747436523438   -840.637268066406
0.871   -617.747436523438   -840.295593261719
0.876   -617.747436523438   -839.953491210938
0.881   -617.747436523438   -839.953491210938
0.886   -617.786315917969   -839.346008300781
0.891   -617.786315917969   -839.346008300781
0.897   -617.8056640625   -838.776916503906
0.902   -617.8056640625   -838.776916503906
0.907   -617.747436523438   -838.207336425781
0.912   -617.747436523438   -838.207336425781
0.917   -617.747436523438   -837.941467285156
0.923   -617.747436523438   -837.941467285156
0.928   -617.747436523438   -837.941467285156
0.933   -617.8056640625   -837.447692871094
0.938   -617.8056640625   -837.447692871094
0.943   -617.786315917969   -837.561889648438
0.949   -617.786315917969   -837.561889648438
0.954   -617.8056640625   -837.675659179688
0.959   -617.8056640625   -837.675659179688
0.964   -617.786315917969   -837.903564453125
0.969   -617.786315917969   -837.903564453125
0.974   -617.689331054688   -837.865661621094
0.98   -617.689331054688   -837.865661621094
0.985   -617.689331054688   -837.865661621094
0.99   -617.786315917969   -837.941467285156
0.995   -617.786315917969   -837.941467285156
1   -617.747436523438   -838.548950195313
1.006   -617.747436523438   -838.548950195313
1.011   -617.689331054688   -839.156433105469
1.016   -617.689331054688   -839.156433105469
1.021   -617.669799804688   -839.763916015625
1.026   -617.669799804688   -839.763916015625
1.032   -617.689331054688   -840.067687988281
1.037   -617.689331054688   -840.067687988281
1.042   -617.689331054688   -840.067687988281
1.047   -617.708679199219   -840.560974121094
1.052   -617.708679199219   -840.560974121094
1.057   -617.689331054688   -840.941040039063
1.063   -617.689331054688   -840.941040039063
1.068   -617.708679199219   -841.244750976563
1.073   -617.708679199219   -841.244750976563
1.078   -617.72802734375   -841.510620117188
1.083   -617.72802734375   -841.510620117188
1.089   -617.72802734375   -841.814331054688
1.094   -617.72802734375   -841.814331054688
1.099   -617.72802734375   -841.814331054688
1.104   -617.747436523438   -842.7255859375
1.109   -617.747436523438   -842.7255859375
1.114   -617.72802734375   -842.990905761719
1.12   -617.72802734375   -842.990905761719
1.125   -617.72802734375   -843.408874511719
1.13   -617.72802734375   -843.408874511719
1.135   -617.708679199219   -843.712646484375
1.14   -617.708679199219   -843.712646484375
1.146   -617.708679199219   -844.054260253906
1.151   -617.708679199219   -844.054260253906
1.156   -617.708679199219   -844.054260253906
1.161   -617.669799804688   -844.509643554688
1.166   -617.669799804688   -844.509643554688
1.171   -617.708679199219   -844.775512695313
1.177   -617.708679199219   -844.775512695313
1.182   -617.708679199219   -845.117126464844
1.187   -617.708679199219   -845.117126464844
1.192   -617.650451660156   -845.079223632813
1.197   -617.650451660156   -845.079223632813
1.203   -617.689331054688   -845.4208984375
1.208   -617.72802734375   -845.497192382813
1.213   -617.72802734375   -845.497192382813
1.218   -617.708679199219   -845.572998046875
1.223   -617.708679199219   -845.572998046875
1.229   -617.689331054688   -845.572998046875
1.234   -617.689331054688   -845.572998046875
1.239   -617.689331054688   -845.648803710938
1.244   -617.689331054688   -845.648803710938
1.249   -617.708679199219   -845.686706542969
1.254   -617.708679199219   -845.686706542969
1.26   -617.747436523438   -846.218383789063
1.265   -617.708679199219   -846.294189453125
1.27   -617.708679199219   -846.294189453125
1.275   -617.708679199219   -846.408447265625
1.28   -617.708679199219   -846.408447265625
1.286   -617.747436523438   -846.56005859375
1.291   -617.747436523438   -846.56005859375
1.296   -617.708679199219   -846.750061035156
1.301   -617.708679199219   -846.750061035156
1.306   -617.708679199219   -846.787963867188
1.312   -617.708679199219   -846.787963867188
1.317   -617.689331054688   -846.787963867188
1.322   -617.708679199219   -847.129638671875
1.327   -617.708679199219   -847.129638671875
1.332   -617.747436523438   -847.623413085938
1.338   -617.747436523438   -847.623413085938
1.343   -617.72802734375   -847.927124023438
1.348   -617.72802734375   -847.927124023438
1.353   -617.689331054688   -848.0029296875
1.358   -617.689331054688   -848.0029296875
1.363   -617.669799804688   -848.230895996094
1.369   -617.669799804688   -848.230895996094
1.374   -617.689331054688   -848.306701660156
1.379   -617.72802734375   -848.42041015625
1.384   -617.72802734375   -848.42041015625
1.389   -617.708679199219   -848.344604492188
1.395   -617.708679199219   -848.344604492188
1.4   -617.747436523438   -848.458312988281
1.405   -617.747436523438   -848.458312988281
1.41   -617.708679199219   -848.344604492188
1.415   -617.708679199219   -848.344604492188
1.42   -617.669799804688   -848.496704101563
1.426   -617.669799804688   -848.496704101563
1.431   -617.669799804688   -848.648376464844
1.436   -617.669799804688   -849.104187011719
1.441   -617.669799804688   -849.104187011719
1.446   -617.689331054688   -849.217956542969
1.452   -617.689331054688   -849.217956542969
1.457   -617.689331054688   -849.407958984375
1.462   -617.689331054688   -849.407958984375
1.467   -617.689331054688   -849.5595703125
1.472   -617.689331054688   -849.5595703125
1.478   -617.708679199219   -849.5595703125
1.483   -617.708679199219   -849.5595703125
1.488   -617.708679199219   -849.483764648438
1.493   -617.689331054688   -849.521667480469
1.498   -617.689331054688   -849.521667480469
1.503   -617.650451660156   -849.521667480469
1.509   -617.650451660156   -849.521667480469
1.514   -617.631042480469   -849.749633789063
1.519   -617.631042480469   -849.749633789063
1.524   -617.689331054688   -849.825439453125
1.529   -617.689331054688   -849.825439453125
1.535   -617.708679199219   -850.129150390625
1.54   -617.708679199219   -850.129150390625
1.545   -617.747436523438   -850.584533691406
1.55   -617.747436523438   -850.622924804688
1.555   -617.747436523438   -850.622924804688
1.56   -617.689331054688   -850.584533691406
1.566   -617.689331054688   -850.584533691406
1.571   -617.708679199219   -850.546630859375
1.576   -617.708679199219   -850.546630859375
1.581   -617.708679199219   -850.774536132813
1.586   -617.708679199219   -850.774536132813
1.592   -617.708679199219   -850.736633300781
1.597   -617.708679199219   -850.736633300781
1.602   -617.708679199219   -850.736633300781
1.607   -617.650451660156   -850.8125
1.612   -617.650451660156   -850.8125
1.618   -617.669799804688   -851.154113769531
1.623   -617.669799804688   -851.154113769531
1.628   -617.650451660156   -851.230407714844
1.633   -617.650451660156   -851.230407714844
1.638   -617.669799804688   -851.192016601563
1.644   -617.669799804688   -851.192016601563
1.649   -617.689331054688   -851.192016601563
1.654   -617.689331054688   -851.192016601563
1.659   -617.689331054688   -851.192016601563
1.664   -617.708679199219   -851.647888183594
1.669   -617.708679199219   -851.647888183594
1.675   -617.72802734375   -851.989562988281
1.68   -617.72802734375   -851.989562988281
1.685   -617.708679199219   -851.913757324219
1.69   -617.708679199219   -851.913757324219
1.695   -617.689331054688   -852.027465820313
1.701   -617.689331054688   -852.027465820313
1.706   -617.669799804688   -852.25537109375
1.711   -617.669799804688   -852.25537109375
1.716   -617.669799804688   -852.25537109375
1.721   -617.689331054688   -852.406982421875
1.727   -617.689331054688   -852.406982421875
1.732   -617.650451660156   -852.331176757813
1.737   -617.650451660156   -852.331176757813
1.742   -617.708679199219   -852.331176757813
1.747   -617.708679199219   -852.331176757813
1.752   -617.747436523438   -852.406982421875
1.758   -617.747436523438   -852.406982421875
1.763   -617.708679199219   -852.634948730469
1.768   -617.669799804688   -852.710754394531
1.773   -617.669799804688   -852.710754394531
1.778   -617.689331054688   -852.976623535156
1.784   -617.689331054688   -852.976623535156
1.789   -617.689331054688   -852.900756835938
1.794   -617.689331054688   -852.900756835938
1.799   -617.650451660156   -852.976623535156
1.804   -617.650451660156   -852.976623535156
1.809   -617.650451660156   -852.976623535156
1.815   -617.650451660156   -852.976623535156
1.82   -617.650451660156   -853.204528808594
1.825   -617.650451660156   -853.356628417969
1.83   -617.650451660156   -853.356628417969
1.835   -617.689331054688   -853.774108886719
1.841   -617.689331054688   -853.774108886719
1.846   -617.708679199219   -853.698303222656
1.851   -617.708679199219   -853.698303222656
1.856   -617.669799804688   -853.546203613281
1.861   -617.669799804688   -853.546203613281
1.866   -617.650451660156   -853.546203613281
1.872   -617.650451660156   -853.546203613281
1.877   -617.689331054688   -853.546203613281
1.882   -617.72802734375   -853.622009277344
1.887   -617.72802734375   -853.622009277344
1.892   -617.708679199219   -853.81201171875
1.898   -617.708679199219   -853.81201171875
1.903   -617.669799804688   -853.774108886719
1.908   -617.669799804688   -853.774108886719
1.913   -617.669799804688   -854.191589355469
1.918   -617.669799804688   -854.191589355469
1.924   -617.689331054688   -854.381591796875
1.929   -617.689331054688   -854.381591796875
1.934   -617.689331054688   -854.419494628906
1.939   -617.650451660156   -854.343688964844
1.944   -617.650451660156   -854.343688964844
1.95   -617.689331054688   -854.381591796875
1.955   -617.689331054688   -854.381591796875
1.96   -617.72802734375   -854.723266601563
1.965   -617.72802734375   -854.723266601563
1.97   -617.72802734375   -854.6474609375
1.975   -617.72802734375   -854.6474609375
1.981   -617.689331054688   -854.875366210938
1.986   -617.689331054688   -854.875366210938
1.991   -617.650451660156   -854.951171875
1.996   -617.611694335938   -855.179138183594
2.001   -617.611694335938   -855.179138183594
2.008   -617.669799804688   -855.026977539063
2.013   -617.669799804688   -855.026977539063
2.018   -315.542816162109   -439.769439697266
2.023   -315.542816162109   -439.769439697266
2.029   -10.407660484314   -13.4254245758057
2.034   -10.407660484314   -13.4254245758057
2.039   -10.407660484314   -13.4254245758057
2.044   -7.88457489013672   4.83717250823975
2.049   -7.88457489013672   4.83717250823975
2.055   -28.7859191894531   -18.9686470031738
2.06   -28.7859191894531   -18.9686470031738
2.065   -28.4947853088379   -17.2603855133057
2.07   -28.4947853088379   -17.2603855133057
2.075   -7.30255365371704   11.2916288375854
2.081   -7.30255365371704   11.2916288375854
2.086   -6.75903558731079   14.2153549194336
2.091   -6.62315607070923   15.6203565597534
2.096   -6.62315607070923   15.6203565597534
2.101   -6.8561635017395   16.4173831939697
2.107   -6.8561635017395   16.4173831939697
2.112   -7.01141881942749   17.1390819549561
2.117   -7.01141881942749   17.1390819549561
2.122   -7.05017042160034   17.9740142822266
2.127   -7.05017042160034   17.9740142822266
2.133   -7.3800573348999   18.354061126709
2.138   -7.3800573348999   18.354061126709
2.143   -7.98170280456543   18.0882225036621
2.148   -12.0183420181274   13.4941434860229
2.153   -12.0183420181274   13.4941434860229
2.159   -19.2765922546387   -1.16190946102142
2.164   -19.2765922546387   -1.16190946102142
2.169   -15.0653209686279   3.96384525299072
2.174   -15.0653209686279   3.96384525299072
2.179   -6.8561635017395   20.3281593322754
2.185   -6.8561635017395   20.3281593322754
2.19   -6.25451803207397   21.9606056213379
2.195   -6.25451803207397   21.9606056213379
2.2   -6.25451803207397   21.9606056213379
2.205   -6.93366718292236   22.0748138427734
2.211   -6.93366718292236   22.0748138427734
2.216   -6.87553930282593   22.4164657592773
2.221   -6.87553930282593   22.4164657592773
2.226   -6.72028398513794   23.1376762390137
2.231   -6.72028398513794   23.1376762390137
2.237   -6.8561635017395   23.2518844604492
2.242   -6.8561635017395   23.2518844604492
2.247   -7.08892250061035   23.1376762390137
2.252   -7.08892250061035   23.1376762390137
2.257   -7.08892250061035   23.1376762390137
2.263   -7.57406425476074   22.7581176757813
2.268   -7.57406425476074   22.7581176757813
2.273   -8.17570972442627   21.8847904205322
2.278   -8.17570972442627   21.8847904205322
2.283   -62.3404502868652   -51.5456428527832
2.289   -62.3404502868652   -51.5456428527832
2.294   -61.8940582275391   -53.1022720336914
2.299   -61.8940582275391   -53.1022720336914
2.304   -7.3800573348999   20.745626449585
2.309   -6.62315607070923   24.0489120483398
2.315   -6.62315607070923   24.0489120483398
2.32   -6.23514223098755   25.1501693725586
2.325   -6.23514223098755   25.1501693725586
2.33   -6.68153238296509   24.9601459503174
2.335   -6.68153238296509   24.9601459503174
2.341   -6.95304298400879   24.5426788330078
2.346   -6.95304298400879   24.5426788330078
2.351   -6.81716346740723   24.8464241027832
2.356   -6.81716346740723   24.8464241027832
2.361   -6.77841138839722   25.2259826660156
2.367   -6.93366718292236   25.2259826660156
2.372   -6.93366718292236   25.2259826660156
2.377   -7.14729833602905   24.9601459503174
2.382   -7.14729833602905   24.9601459503174
2.387   -7.36068105697632   25.0364475250244
2.393   -7.36068105697632   25.0364475250244
2.398   -7.74869537353516   24.5047721862793
2.403   -7.74869537353516   24.5047721862793
2.408   -8.44746875762939   23.6314449310303
2.413   -8.44746875762939   23.6314449310303
2.419   -8.44746875762939   23.6314449310303
2.424   -51.1426887512207   -41.9016227722168
2.429   -51.1426887512207   -41.9016227722168
2.434   -7.03079462051392   24.1252117156982
2.439   -7.03079462051392   24.1252117156982
2.445   -6.37102174758911   26.2514266967773
2.45   -6.37102174758911   26.2514266967773
2.455   -6.42914915084839   26.5551700592041
2.46   -6.42914915084839   26.5551700592041
2.465   -6.8561635017395   26.0993099212646
2.471   -6.8561635017395   26.0993099212646
2.476   -6.8561635017395   26.0993099212646
2.481   -6.81716346740723   26.5167770385742
2.486   -6.81716346740723   26.5167770385742
2.491   -6.83678770065308   26.4788703918457
2.497   -6.83678770065308   26.4788703918457
2.502   -6.99204301834106   26.2130317687988
2.507   -6.99204301834106   26.2130317687988
2.512   -7.16667413711548   26.0614032745361
2.517   -7.16667413711548   26.0614032745361
2.523   -7.43818473815918   25.6439361572266
2.528   -8.02045440673828   24.9980525970459
2.533   -8.02045440673828   24.9980525970459
2.538   -17.452278137207   12.4307928085327
2.543   -17.452278137207   12.4307928085327
2.549   -20.13037109375   4.07805347442627
2.554   -20.13037109375   4.07805347442627
2.559   -10.5239162445068   16.3036613464355
2.564   -10.5239162445068   16.3036613464355
2.569   -6.7977876663208   26.0234966278076
2.575   -6.7977876663208   26.0234966278076
2.58   -6.29326963424683   27.4280128479004
2.585   -6.6037802696228   27.4280128479004
2.59   -6.6037802696228   27.4280128479004
2.595   -6.97241878509521   26.8205223083496
2.601   -6.97241878509521   26.8205223083496
2.606   -6.83678770065308   27.0484523773193
2.611   -6.83678770065308   27.0484523773193
2.616   -6.73965978622437   27.1626605987549
2.621   -6.73965978622437   27.1626605987549
2.627   -6.91429090499878   27.1626605987549
2.632   -6.91429090499878   27.1626605987549
2.637   -6.91429090499878   27.1626605987549
2.642   -7.30255365371704   26.8589153289795
2.647   -7.30255365371704   26.8589153289795
2.653   -7.65181589126587   26.3272399902344
2.658   -7.65181589126587   26.3272399902344
2.663   -8.27283763885498   25.6439361572266
2.668   -8.27283763885498   25.6439361572266
2.673   -67.7937622070313   -57.2404937744141
2.679   -67.7937622070313   -57.2404937744141
2.684   -67.25048828125   -58.7213096618652
2.689   -67.25048828125   -58.7213096618652
2.694   -67.25048828125   -58.7213096618652
2.699   -6.54565286636353   27.3521976470947
2.704   -6.54565286636353   27.3521976470947
2.71   -6.2738938331604   28.4155464172363
2.715   -6.2738938331604   28.4155464172363
2.72   -6.72028398513794   27.6938495635986
2.725   -6.72028398513794   27.6938495635986
2.73   -6.95304298400879   27.4664058685303
2.736   -6.95304298400879   27.4664058685303
2.741   -6.87553930282593   27.8838729858398
2.746   -6.8561635017395   28.0355014801025
2.751   -6.8561635017395   28.0355014801025
2.756   -6.97241878509521   27.8080577850342
2.762   -6.97241878509521   27.8080577850342
2.767   -7.1276741027832   27.770149230957
2.772   -7.1276741027832   27.770149230957
2.777   -7.36068105697632   27.3521976470947
2.782   -7.36068105697632   27.3521976470947
2.788   -7.82644748687744   26.6688938140869
2.793   -7.82644748687744   26.6688938140869
2.798   -8.54459667205811   25.5676364898682
2.803   -76.4493103027344   -72.1623840332031
2.808   -76.4493103027344   -72.1623840332031
2.814   -75.7701568603516   -72.921501159668
2.819   -75.7701568603516   -72.921501159668
2.824   -7.14729833602905   25.6055431365967
2.829   -7.14729833602905   25.6055431365967
2.834   -6.40977334976196   28.1118030548096
2.84   -6.40977334976196   28.1118030548096
2.845   -6.37102174758911   28.9088287353516
2.85   -6.37102174758911   28.9088287353516
2.855   -6.83678770065308   28.2634315490723
2.86   -6.95304298400879   28.1876163482666
2.866   -6.95304298400879   28.1876163482666
2.871   -6.8561635017395   28.5292682647705
2.876   -6.8561635017395   28.5292682647705
2.881   -6.93366718292236   28.6429920196533
2.886   -6.93366718292236   28.6429920196533
2.892   -7.05017042160034   28.3392467498779
2.897   -7.05017042160034   28.3392467498779
2.902   -7.14729833602905   28.1876163482666
2.907   -7.14729833602905   28.1876163482666
2.912   -7.14729833602905   28.1876163482666
2.918   -7.98170280456543   27.1626605987549
2.923   -7.98170280456543   27.1626605987549
2.928   -8.81610679626465   25.9855880737305
2.933   -8.81610679626465   25.9855880737305
2.938   -31.0953731536865   -11.6408634185791
2.944   -31.0953731536865   -11.6408634185791
2.949   -30.0473384857178   -11.1854887008667
2.954   -30.0473384857178   -11.1854887008667
2.959   -6.87553930282593   27.3521976470947
2.965   -6.31264543533325   29.2504806518555
2.97   -6.31264543533325   29.2504806518555
2.975   -6.50665283203125   29.1746654510498
2.98   -6.50665283203125   29.1746654510498
2.985   -6.89491510391235   28.8330135345459
2.991   -6.89491510391235   28.8330135345459
2.996   -6.89491510391235   28.870922088623
3.001   -6.89491510391235   28.870922088623
