"sec"   "mA"   "mV"
0.066   -617.708679199219   -661.996887207031
0.076   -617.9609375   -673.691345214844
0.086   -617.72802734375   -679.994140625
0.096   -617.572814941406   -682.044067382813
0.106   -617.650451660156   -680.259521484375
0.116   -617.708679199219   -660.858215332031
0.126   -617.631042480469   -612.904479980469
0.136   -617.631042480469   -557.470764160156
0.146   -617.669799804688   -519.958068847656
0.157   -617.650451660156   -496.683929443359
0.167   -617.611694335938   -479.180450439453
0.177   -617.631042480469   -464.296966552734
0.187   -617.689331054688   -450.742156982422
0.197   -617.650451660156   -439.124053955078
0.207   -617.669799804688   -428.189239501953
0.217   -617.650451660156   -410.989990234375
0.227   -617.650451660156   -403.585906982422
0.237   -617.669799804688   -397.548919677734
0.247   -617.650451660156   -392.461547851563
0.257   -617.689331054688   -387.487426757813
0.267   -617.669799804688   -383.1591796875
0.277   -617.650451660156   -379.210510253906
0.288   -617.669799804688   -375.641387939453
0.298   -617.708679199219   -372.034362792969
0.308   -617.708679199219   -368.883178710938
0.318   -617.708679199219   -366.111572265625
0.328   -617.72802734375   -363.567413330078
0.338   -617.766906738281   -360.871612548828
0.348   -617.747436523438   -358.631683349609
0.358   -617.689331054688   -356.353820800781
0.368   -617.650451660156   -354.189208984375
0.378   -617.708679199219   -352.177215576172
0.388   -617.747436523438   -348.494384765625
0.398   -617.708679199219   -346.481872558594
0.408   -617.708679199219   -344.621490478516
0.419   -617.689331054688   -342.836944580078
0.429   -617.766906738281   -341.128204345703
0.439   -617.747436523438   -339.154083251953
0.449   -617.689331054688   -337.445343017578
0.459   -617.708679199219   -335.509155273438
0.469   -617.689331054688   -333.800415039063
0.479   -617.689331054688   -332.092163085938
0.489   -617.72802734375   -330.459228515625
0.499   -617.708679199219   -328.750946044922
0.509   -617.747436523438   -327.345947265625
0.519   -617.8056640625   -325.523498535156
0.529   -617.708679199219   -323.663116455078
0.539   -617.689331054688   -321.726928710938
0.549   -617.747436523438   -318.499450683594
0.56   -617.747436523438   -317.018615722656
0.57   -617.72802734375   -315.917358398438
0.58   -617.708679199219   -314.322845458984
0.59   -617.689331054688   -312.500366210938
0.6   -617.689331054688   -310.677886962891
0.61   -617.689331054688   -309.273376464844
0.62   -617.689331054688   -307.754669189453
0.63   -617.689331054688   -306.007995605469
0.64   -617.689331054688   -304.071319580078
0.65   -617.708679199219   -302.438873291016
0.66   -617.786315917969   -300.882232666016
0.67   -617.786315917969   -299.591461181641
0.68   -617.786315917969   -297.768981933594
0.69   -617.766906738281   -296.212341308594
0.701   -617.747436523438   -294.427795410156
0.711   -617.747436523438   -292.832763671875
0.721   -617.708679199219   -290.326995849609
0.731   -617.708679199219   -288.580352783203
0.741   -617.689331054688   -286.719970703125
0.751   -617.708679199219   -284.745849609375
0.761   -617.708679199219   -282.733367919922
0.771   -617.747436523438   -280.607147216797
0.781   -617.747436523438   -278.595153808594
0.791   -617.669799804688   -277.265960693359
0.801   -617.650451660156   -276.013092041016
0.811   -617.708679199219   -275.519317626953
0.821   -617.708679199219   -275.481414794922
0.832   -617.689331054688   -275.78515625
0.842   -617.708679199219   -276.126800537109
0.852   -617.650451660156   -276.582672119141
0.862   -617.708679199219   -276.582672119141
0.872   -617.708679199219   -277.000122070313
0.882   -617.650451660156   -277.683441162109
0.892   -617.650451660156   -277.645538330078
0.902   -617.631042480469   -277.911376953125
0.912   -617.611694335938   -277.987670898438
0.922   -617.650451660156   -278.025573730469
0.932   -617.650451660156   -277.949279785156
0.942   -617.592163085938   -277.949279785156
0.952   -617.572814941406   -277.987670898438
0.962   -617.611694335938   -278.0634765625
0.972   -617.631042480469   -278.177185058594
0.983   -617.689331054688   -278.215118408203
0.993   -617.669799804688   -278.177185058594
1.003   -617.631042480469   -277.911376953125
1.013   -617.631042480469   -278.139282226563
1.023   -617.650451660156   -277.949279785156
1.033   -617.650451660156   -277.987670898438
1.043   -617.650451660156   -277.987670898438
1.053   -617.650451660156   -277.418090820313
1.063   -617.669799804688   -277.569702148438
1.073   -617.650451660156   -277.607604980469
1.083   -617.592163085938   -277.531799316406
1.093   -617.592163085938   -277.303863525391
1.103   -617.611694335938   -277.228057861328
1.113   -617.592163085938   -277.190155029297
1.124   -617.592163085938   -277.190155029297
1.134   -617.631042480469   -277.190155029297
1.144   -617.631042480469   -277.000122070313
1.154   -617.650451660156   -277.075927734375
1.164   -617.650451660156   -277.228057861328
1.174   -617.650451660156   -277.228057861328
1.184   -617.631042480469   -277.190155029297
1.194   -617.650451660156   -277.114349365234
1.204   -617.669799804688   -276.734283447266
1.214   -617.650451660156   -276.810577392578
1.224   -617.650451660156   -276.92431640625
1.234   -617.669799804688   -276.696380615234
1.244   -617.669799804688   -276.848510742188
1.254   -617.611694335938   -276.734283447266
1.265   -617.553405761719   -276.734283447266
1.275   -617.572814941406   -276.582672119141
1.285   -617.631042480469   -276.544738769531
1.295   -617.592163085938   -276.696380615234
1.305   -617.572814941406   -276.962219238281
1.315   -617.611694335938   -277.075927734375
1.325   -617.592163085938   -277.265960693359
1.335   -617.611694335938   -277.190155029297
1.345   -617.650451660156   -277.152252197266
1.355   -617.669799804688   -277.303863525391
1.365   -617.650451660156   -277.455993652344
1.375   -617.631042480469   -277.493896484375
1.385   -617.689331054688   -277.759735107422
1.395   -617.650451660156   -277.607604980469
1.405   -617.631042480469   -277.607604980469
1.416   -617.650451660156   -277.721832275391
1.426   -617.631042480469   -278.0634765625
1.436   -617.592163085938   -277.987670898438
1.446   -617.572814941406   -278.0634765625
1.456   -617.592163085938   -277.835540771484
1.466   -617.592163085938   -277.797637939453
1.476   -617.592163085938   -277.835540771484
1.486   -617.592163085938   -278.139282226563
1.496   -617.592163085938   -278.0634765625
1.506   -617.631042480469   -278.139282226563
1.516   -617.631042480469   -278.253021240234
1.526   -617.631042480469   -278.405120849609
1.536   -617.650451660156   -278.48095703125
1.546   -617.631042480469   -278.48095703125
1.556   -617.650451660156   -278.48095703125
1.567   -617.650451660156   -278.595153808594
1.577   -617.631042480469   -278.633056640625
1.587   -617.631042480469   -278.708862304688
1.597   -617.592163085938   -278.556762695313
1.607   -617.572814941406   -278.595153808594
1.617   -617.631042480469   -278.48095703125
1.627   -617.631042480469   -278.556762695313
1.637   -617.592163085938   -278.48095703125
1.647   -617.631042480469   -278.48095703125
1.657   -617.689331054688   -278.518859863281
1.667   -617.650451660156   -278.822601318359
1.677   -617.669799804688   -278.822601318359
1.687   -617.650451660156   -278.898895263672
1.697   -617.650451660156   -278.822601318359
1.708   -617.669799804688   -278.898895263672
1.718   -617.631042480469   -278.974700927734
1.728   -617.592163085938   -279.012634277344
1.738   -617.631042480469   -279.278442382813
1.748   -617.650451660156   -279.316375732422
1.758   -617.611694335938   -279.316375732422
1.768   -617.592163085938   -279.430084228516
1.778   -617.611694335938   -279.278442382813
1.788   -617.631042480469   -279.354278564453
1.798   -617.631042480469   -279.392181396484
1.808   -617.669799804688   -279.544281005859
1.818   -617.650451660156   -279.771728515625
1.828   -617.592163085938   -280.189697265625
1.838   -617.611694335938   -280.227600097656
1.849   -617.650451660156   -280.265502929688
1.859   -617.669799804688   -279.923858642578
1.869   -617.650451660156   -279.999664306641
1.879   -617.650451660156   -280.34130859375
1.889   -617.669799804688   -280.227600097656
1.899   -617.689331054688   -280.265502929688
1.909   -617.592163085938   -279.961761474609
1.919   -617.553405761719   -280.037567138672
1.929   -617.572814941406   -280.227600097656
1.939   -617.592163085938   -280.265502929688
1.949   -617.611694335938   -280.151794433594
1.959   -617.611694335938   -280.037567138672
1.969   -617.611694335938   -279.885955810547
1.979   -617.631042480469   -280.037567138672
1.99   -617.631042480469   -280.113891601563
2   -617.650451660156   -280.075469970703
2.01   -617.631042480469   -280.303405761719
2.02   -617.650451660156   -280.265502929688
2.03   -617.669799804688   -280.607147216797
2.04   -617.650451660156   -280.721374511719
2.05   -617.650451660156   -280.379241943359
2.06   -617.631042480469   -280.417633056641
2.07   -617.650451660156   -280.682983398438
2.08   -617.592163085938   -280.986724853516
2.09   -617.592163085938   -280.948822021484
2.1   -617.631042480469   -280.986724853516
2.11   -617.631042480469   -280.682983398438
2.12   -617.650451660156   -280.682983398438
2.13   -617.650451660156   -280.948822021484
2.141   -617.572814941406   -281.025115966797
2.151   -617.572814941406   -280.910888671875
2.161   -617.650451660156   -281.025115966797
2.171   -617.650451660156   -281.404663085938
2.181   -617.669799804688   -281.404663085938
2.191   -617.669799804688   -281.176727294922
2.201   -617.631042480469   -281.176727294922
2.211   -617.669799804688   -281.442565917969
2.221   -617.650451660156   -281.632598876953
2.231   -617.650451660156   -281.556304931641
2.241   -617.631042480469   -281.670501708984
2.251   -617.611694335938   -281.594207763672
2.261   -617.592163085938   -281.746337890625
2.271   -617.611694335938   -281.746337890625
2.281   -617.631042480469   -281.974243164063
2.292   -617.631042480469   -281.974243164063
2.302   -617.631042480469   -282.012145996094
2.312   -617.592163085938   -281.974243164063
2.322   -617.592163085938   -282.050079345703
2.332   -617.631042480469   -281.974243164063
2.342   -617.611694335938   -281.936340332031
2.352   -617.631042480469   -281.974243164063
2.362   -617.650451660156   -282.240081787109
2.372   -617.650451660156   -282.543823242188
2.382   -617.631042480469   -282.847595214844
2.392   -617.611694335938   -282.847595214844
2.402   -617.611694335938   -282.809173583984
2.412   -617.592163085938   -282.619659423828
2.422   -617.553405761719   -282.885498046875
2.432   -617.592163085938   -282.923400878906
2.443   -617.572814941406   -282.619659423828
2.453   -617.592163085938   -282.201690673828
2.463   -617.650451660156   -282.467529296875
2.473   -617.631042480469   -282.505432128906
2.483   -617.631042480469   -282.505432128906
2.493   -617.650451660156   -282.353820800781
2.503   -617.592163085938   -282.429626464844
2.513   -617.611694335938   -282.391723632813
2.523   -617.650451660156   -282.429626464844
2.533   -617.650451660156   -282.391723632813
2.543   -617.650451660156   -282.467529296875
2.553   -617.631042480469   -282.619659423828
2.563   -617.631042480469   -282.543823242188
2.573   -617.592163085938   -282.31591796875
2.584   -617.592163085938   -282.543823242188
2.594   -617.592163085938   -282.847595214844
2.604   -617.611694335938   -282.847595214844
2.614   -617.611694335938   -282.847595214844
2.624   -617.611694335938   -283.227142333984
2.634   -617.631042480469   -283.492980957031
2.644   -617.650451660156   -284.062561035156
2.654   -617.611694335938   -283.758819580078
2.664   -617.592163085938   -283.378784179688
2.674   -617.611694335938   -283.530883789063
2.684   -617.631042480469   -283.606689453125
2.694   -617.650451660156   -283.530883789063
2.704   -617.592163085938   -283.644592285156
2.714   -617.611694335938   -283.112945556641
2.724   -617.631042480469   -282.999206542969
2.735   -617.631042480469   -282.961303710938
2.745   -617.611694335938   -283.112945556641
2.755   -617.631042480469   -283.112945556641
2.765   -617.592163085938   -283.189239501953
2.775   -617.611694335938   -283.455078125
2.785   -617.650451660156   -283.758819580078
2.795   -617.611694335938   -283.606689453125
2.805   -617.592163085938   -283.644592285156
2.815   -617.631042480469   -283.720428466797
2.825   -617.592163085938   -283.910430908203
2.835   -617.592163085938   -283.872528076172
2.845   -617.611694335938   -284.100463867188
2.855   -617.631042480469   -284.100463867188
2.865   -617.650451660156   -284.17626953125
2.875   -617.650451660156   -284.024169921875
2.885   -617.650451660156   -284.062561035156
2.896   -617.631042480469   -284.100463867188
2.906   -617.631042480469   -284.062561035156
2.916   -617.631042480469   -283.834625244141
2.926   -617.631042480469   -283.758819580078
2.936   -617.611694335938   -283.834625244141
2.946   -617.592163085938   -283.606689453125
2.956   -617.572814941406   -283.568786621094
2.966   -617.592163085938   -283.606689453125
2.976   -617.592163085938   -283.796722412109
2.986   -617.592163085938   -284.024169921875
2.996   -617.631042480469   -284.100463867188
3.006   -617.650451660156   -284.480041503906
3.016   -617.669799804688   -284.252105712891
3.026   -617.689331054688   -284.366302490234
3.036   -617.650451660156   -284.214202880859
3.047   -617.611694335938   -284.214202880859
3.057   -617.650451660156   -284.252105712891
3.067   -617.650451660156   -284.138366699219
3.077   -617.631042480469   -284.17626953125
3.087   -617.631042480469   -283.986267089844
3.097   -617.650451660156   -284.138366699219
3.107   -617.650451660156   -284.062561035156
3.117   -617.631042480469   -284.100463867188
3.127   -617.592163085938   -284.327911376953
3.137   -617.592163085938   -284.404205322266
3.147   -617.631042480469   -284.366302490234
3.157   -617.611694335938   -284.404205322266
3.167   -617.592163085938   -284.327911376953
3.177   -617.631042480469   -284.480041503906
3.187   -617.631042480469   -284.631652832031
3.197   -617.631042480469   -284.404205322266
3.208   -617.631042480469   -284.631652832031
3.218   -617.650451660156   -284.517944335938
3.228   -617.650451660156   -284.555847167969
3.238   -617.650451660156   -284.897491455078
3.248   -617.650451660156   -284.745849609375
3.258   -617.650451660156   -284.821685791016
3.268   -617.650451660156   -285.049621582031
3.278   -617.592163085938   -285.277526855469
3.288   -617.592163085938   -285.315460205078
3.298   -617.650451660156   -285.391265869141
3.308   -617.650451660156   -285.353363037109
3.318   -617.631042480469   -285.391265869141
3.328   -617.592163085938   -285.239135742188
3.338   -617.572814941406   -285.315460205078
3.348   -617.611694335938   -285.429168701172
3.359   -617.650451660156   -285.239135742188
3.369   -617.631042480469   -285.239135742188
3.379   -617.592163085938   -285.239135742188
3.389   -617.650451660156   -285.542877197266
3.399   -617.650451660156   -285.73291015625
3.409   -617.650451660156   -285.770812988281
3.419   -617.650451660156   -285.770812988281
3.429   -617.650451660156   -285.885040283203
3.439   -617.592163085938   -286.188781738281
3.449   -617.592163085938   -285.960845947266
3.459   -617.631042480469   -286.074554443359
3.469   -617.572814941406   -285.998748779297
3.479   -617.592163085938   -285.922943115234
3.489   -617.669799804688   -285.922943115234
3.499   -617.631042480469   -286.036651611328
3.51   -617.611694335938   -285.960845947266
3.52   -617.611694335938   -286.036651611328
3.53   -617.631042480469   -285.885040283203
3.54   -617.592163085938   -285.846649169922
3.55   -617.631042480469   -286.188781738281
3.56   -617.631042480469   -286.264587402344
3.57   -617.631042480469   -286.378295898438
3.58   -617.611694335938   -286.454132080078
3.59   -617.611694335938   -286.188781738281
3.6   -617.592163085938   -286.150390625
3.61   -617.572814941406   -285.922943115234
3.62   -617.572814941406   -285.960845947266
3.63   -617.572814941406   -285.998748779297
3.64   -617.592163085938   -286.340393066406
3.651   -617.592163085938   -286.340393066406
3.661   -617.572814941406   -286.340393066406
3.671   -617.572814941406   -286.226684570313
3.681   -617.592163085938   -286.492523193359
3.691   -617.611694335938   -286.568328857422
3.701   -617.650451660156   -286.757873535156
3.711   -617.650451660156   -287.061614990234
3.721   -617.650451660156   -287.023712158203
3.731   -617.650451660156   -286.757873535156
3.741   -617.650451660156   -286.682067871094
3.751   -617.650451660156   -286.757873535156
3.761   -617.631042480469   -287.061614990234
3.771   -617.592163085938   -287.100006103516
3.781   -617.631042480469   -286.8720703125
3.791   -617.592163085938   -286.568328857422
3.802   -617.592163085938   -286.682067871094
3.812   -617.631042480469   -286.757873535156
3.822   -617.650451660156   -286.8720703125
3.832   -617.631042480469   -286.8720703125
3.842   -617.631042480469   -286.834167480469
3.852   -617.650451660156   -286.985809326172
3.862   -617.650451660156   -287.403747558594
3.872   -617.592163085938   -287.327453613281
3.882   -617.611694335938   -287.479553222656
3.892   -617.631042480469   -287.821228027344
3.902   -617.631042480469   -287.593292236328
3.912   -617.592163085938   -287.28955078125
3.922   -617.553405761719   -287.213745117188
3.932   -617.592163085938   -287.479553222656
3.942   -617.572814941406   -287.555389404297
3.953   -617.592163085938   -287.441650390625
3.963   -617.631042480469   -287.327453613281
3.973   -617.650451660156   -287.669097900391
3.983   -617.631042480469   -287.897033691406
3.993   -617.650451660156   -287.707489013672
4.003   -617.611694335938   -287.821228027344
4.013   -617.592163085938   -287.593292236328
4.023   -617.631042480469   -287.669097900391
4.033   -617.650451660156   -287.821228027344
4.043   -617.631042480469   -287.897033691406
4.053   -617.650451660156   -287.897033691406
4.063   -617.631042480469   -287.783325195313
4.073   -617.611694335938   -287.859130859375
4.084   -617.592163085938   -288.049163818359
4.094   -617.592163085938   -288.200775146484
4.104   -617.631042480469   -288.238677978516
4.114   -617.631042480469   -288.390808105469
4.124   -617.631042480469   -288.200775146484
4.134   -617.631042480469   -288.124969482422
4.144   -617.631042480469   -287.972839355469
4.154   -617.631042480469   -288.124969482422
4.164   -617.650451660156   -288.580352783203
4.174   -617.650451660156   -288.390808105469
4.184   -617.669799804688   -288.315002441406
4.194   -617.611694335938   -288.618743896484
4.204   -617.553405761719   -288.618743896484
4.214   -617.572814941406   -288.124969482422
4.224   -617.631042480469   -288.049163818359
4.234   -617.592163085938   -288.466613769531
4.244   -617.572814941406   -288.466613769531
4.255   -617.592163085938   -288.466613769531
4.265   -617.572814941406   -288.390808105469
4.275   -617.592163085938   -288.466613769531
4.285   -617.592163085938   -288.390808105469
4.295   -617.534057617188   -288.580352783203
4.305   -617.534057617188   -288.580352783203
4.315   -617.553405761719   -288.504516601563
4.325   -617.592163085938   -288.390808105469
4.335   -617.592163085938   -288.315002441406
4.345   -617.572814941406   -288.200775146484
4.355   -617.611694335938   -288.276580810547
4.365   -617.650451660156   -288.4287109375
4.375   -617.650451660156   -288.504516601563
4.385   -617.572814941406   -288.390808105469
4.395   -617.611694335938   -288.504516601563
4.405   -617.631042480469   -288.542419433594
4.415   -617.631042480469   -288.542419433594
4.425   -617.592163085938   -288.238677978516
4.436   -617.592163085938   -288.4287109375
4.446   -617.592163085938   -288.580352783203
4.456   -617.592163085938   -288.922485351563
4.466   -617.592163085938   -289.074096679688
4.476   -617.592163085938   -289.187835693359
4.486   -617.631042480469   -288.998291015625
4.496   -617.592163085938   -289.187835693359
4.506   -617.572814941406   -289.339935302734
4.516   -617.572814941406   -289.529968261719
4.526   -617.631042480469   -289.643676757813
4.536   -617.631042480469   -289.56787109375
4.546   -617.592163085938   -289.415771484375
4.556   -617.611694335938   -289.415771484375
4.566   -617.592163085938   -289.719512939453
4.576   -617.572814941406   -290.023254394531
4.586   -617.572814941406   -290.213256835938
4.597   -617.631042480469   -290.251190185547
4.607   -617.631042480469   -289.605773925781
4.617   -617.592163085938   -289.491577148438
4.627   -617.611694335938   -289.529968261719
4.637   -617.650451660156   -289.529968261719
4.647   -617.631042480469   -289.605773925781
4.657   -617.631042480469   -289.9853515625
4.667   -617.650451660156   -289.947418212891
4.677   -617.650451660156   -289.833709716797
4.687   -617.650451660156   -289.757415771484
4.697   -617.669799804688   -290.061157226563
4.707   -617.611694335938   -290.213256835938
4.717   -617.572814941406   -290.441192626953
4.727   -617.650451660156   -290.441192626953
4.737   -617.611694335938   -290.592834472656
4.747   -617.592163085938   -290.668640136719
4.757   -617.631042480469   -290.592834472656
4.768   -617.650451660156   -290.668640136719
4.778   -617.592163085938   -290.972381591797
4.788   -617.553405761719   -291.048675537109
4.798   -617.592163085938   -290.972381591797
4.808   -617.631042480469   -291.048675537109
4.818   -617.650451660156   -290.934478759766
4.828   -617.689331054688   -290.592834472656
4.838   -617.631042480469   -290.934478759766
4.848   -617.611694335938   -290.972381591797
4.858   -617.592163085938   -291.200317382813
4.868   -617.611694335938   -291.010284423828
4.878   -617.650451660156   -290.896575927734
4.888   -617.631042480469   -291.12451171875
4.898   -617.650451660156   -291.769897460938
4.908   -617.631042480469   -291.769897460938
4.918   -617.631042480469   -291.617797851563
4.929   -617.631042480469   -291.466156005859
4.939   -617.631042480469   -291.390350341797
4.949   -617.592163085938   -291.466156005859
4.959   -617.592163085938   -291.541961669922
4.969   -617.611694335938   -291.390350341797
4.979   -617.572814941406   -291.617797851563
4.989   -617.611694335938   -291.845703125
4.999   -617.631042480469   -291.959930419922
5.009   -617.592163085938   -291.617797851563
5.019   -617.631042480469   -291.428253173828
5.029   -617.631042480469   -291.428253173828
5.039   -617.592163085938   -291.883636474609
5.049   -617.631042480469   -291.883636474609
5.059   -617.611694335938   -291.959930419922
5.069   -617.611694335938   -292.339477539063
5.079   -617.553405761719   -292.377380371094
5.09   -617.553405761719   -292.377380371094
5.1   -617.553405761719   -292.377380371094
5.11   -617.611694335938   -292.643218994141
5.12   -617.650451660156   -292.756958007813
5.13   -617.631042480469   -293.250732421875
5.14   -617.592163085938   -293.554473876953
5.15   -617.572814941406   -293.212799072266
5.16   -617.592163085938   -293.174896240234
5.17   -617.650451660156   -293.022796630859
5.18   -617.650451660156   -293.250732421875
5.19   -617.650451660156   -293.8203125
5.2   -617.611694335938   -293.934020996094
5.21   -617.611694335938   -294.124053955078
5.22   -617.631042480469   -294.807342529297
5.23   -617.650451660156   -294.921081542969
5.24   -617.650451660156   -295.262725830078
5.251   -617.572814941406   -295.339019775391
5.261   -617.572814941406   -295.262725830078
5.271   -617.631042480469   -295.186920166016
5.281   -617.572814941406   -294.997375488281
5.291   -617.534057617188   -295.111083984375
5.301   -617.553405761719   -295.111083984375
5.311   -617.572814941406   -295.149017333984
5.321   -617.592163085938   -294.845245361328
5.331   -617.650451660156   -294.997375488281
5.341   -617.650451660156   -295.262725830078
5.351   -617.650451660156   -295.301116943359
5.361   -617.631042480469   -295.339019775391
5.371   -617.592163085938   -295.642761230469
5.381   -617.631042480469   -295.718597412109
5.391   -617.650451660156   -295.604858398438
5.402   -617.669799804688   -295.718597412109
5.412   -617.631042480469   -295.870208740234
5.422   -617.572814941406   -295.908599853516
5.432   -617.553405761719   -296.060241699219
5.442   -617.553405761719   -295.946502685547
5.452   -617.572814941406   -296.173950195313
5.462   -617.572814941406   -296.136047363281
5.472   -617.592163085938   -296.326080322266
5.482   -617.631042480469   -296.212341308594
5.492   -617.650451660156   -296.022338867188
5.502   -617.631042480469   -296.401885986328
5.512   -617.572814941406   -296.857757568359
5.522   -617.592163085938   -296.743530273438
5.532   -617.650451660156   -297.047271728516
5.542   -617.592163085938   -297.388946533203
5.552   -617.592163085938   -297.313110351563
5.563   -617.631042480469   -297.616882324219
5.573   -617.631042480469   -297.578948974609
5.583   -617.631042480469   -297.692687988281
5.593   -617.572814941406   -297.731079101563
5.603   -617.572814941406   -297.616882324219
5.613   -617.592163085938   -297.844787597656
5.623   -617.592163085938   -297.692687988281
5.633   -617.572814941406   -297.388946533203
5.643   -617.592163085938   -297.2373046875
5.653   -617.650451660156   -297.731079101563
5.663   -617.631042480469   -297.996429443359
5.673   -617.631042480469   -298.186462402344
5.683   -617.611694335938   -297.692687988281
5.693   -617.611694335938   -297.768981933594
5.703   -617.650451660156   -298.300170898438
5.713   -617.631042480469   -298.7939453125
5.724   -617.572814941406   -298.983978271484
5.734   -617.592163085938   -299.591461181641
5.744   -617.611694335938   -299.515167236328
5.754   -617.572814941406   -299.477233886719
5.764   -617.592163085938   -299.629364013672
5.774   -617.650451660156   -299.743072509766
5.784   -617.611694335938   -299.743072509766
5.794   -617.572814941406   -300.161041259766
5.804   -617.572814941406   -300.084747314453
5.814   -617.553405761719   -300.388488769531
5.824   -617.611694335938   -300.616424560547
5.834   -617.650451660156   -300.616424560547
5.844   -617.650451660156   -300.540588378906
5.854   -617.650451660156   -300.654327392578
5.864   -617.631042480469   -300.426391601563
5.875   -617.631042480469   -300.3505859375
5.885   -617.631042480469   -300.312652587891
5.895   -617.572814941406   -300.806427001953
5.905   -617.592163085938   -301.679748535156
5.915   -617.631042480469   -301.337615966797
5.925   -617.650451660156   -300.806427001953
5.935   -617.611694335938   -300.426391601563
5.945   -617.592163085938   -300.540588378906
5.955   -617.592163085938   -300.730133056641
5.965   -617.592163085938   -300.882232666016
5.975   -617.592163085938   -300.882232666016
5.985   -617.572814941406   -300.958068847656
5.995   -617.592163085938   -301.679748535156
6.005   -617.631042480469   -301.793487548828
6.015   -617.631042480469   -301.755584716797
6.025   -617.631042480469   -301.565551757813
6.036   -617.650451660156   -301.679748535156
6.046   -617.650451660156   -302.248870849609
6.056   -617.631042480469   -302.894744873047
6.066   -617.631042480469   -302.514678955078
6.076   -617.592163085938   -302.666809082031
6.086   -617.592163085938   -302.970550537109
6.096   -617.611694335938   -302.591003417969
6.106   -617.611694335938   -302.591003417969
6.116   -617.572814941406   -302.818450927734
6.126   -617.534057617188   -303.160095214844
6.136   -617.534057617188   -303.540130615234
6.146   -617.572814941406   -303.236389160156
6.156   -617.572814941406   -303.236389160156
6.166   -617.592163085938   -303.881774902344
6.176   -617.611694335938   -304.147613525391
6.187   -617.572814941406   -304.185546875
6.197   -617.572814941406   -304.337158203125
6.207   -617.611694335938   -303.957611083984
6.217   -617.650451660156   -304.109710693359
6.227   -617.631042480469   -304.565093994141
6.237   -617.534057617188   -305.096771240234
6.247   -617.572814941406   -305.817993164063
6.257   -617.611694335938   -306.311737060547
6.267   -617.611694335938   -306.159637451172
6.277   -617.572814941406   -305.742156982422
6.287   -617.572814941406   -305.590057373047
6.297   -617.572814941406   -305.742156982422
6.307   -617.611694335938   -306.311737060547
6.317   -617.631042480469   -306.615478515625
6.327   -617.631042480469   -306.387573242188
6.338   -617.611694335938   -306.083831787109
6.348   -617.611694335938   -306.349639892578
6.358   -617.631042480469   -306.805023193359
6.368   -617.650451660156   -306.767120361328
6.378   -617.631042480469   -306.311737060547
6.388   -617.534057617188   -306.273834228516
6.398   -617.514526367188   -306.46337890625
6.408   -617.592163085938   -306.387573242188
6.418   -617.631042480469   -306.577575683594
6.428   -617.572814941406   -307.070861816406
6.438   -617.572814941406   -307.070861816406
6.448   -617.572814941406   -307.070861816406
6.458   -617.572814941406   -307.792572021484
6.468   -617.572814941406   -308.627502441406
6.478   -617.592163085938   -308.172119140625
6.488   -617.631042480469   -307.792572021484
6.499   -617.650451660156   -307.374603271484
6.509   -617.631042480469   -306.995056152344
6.519   -617.592163085938   -307.147155761719
6.529   -617.611694335938   -307.754669189453
6.539   -617.650451660156   -307.982086181641
6.549   -617.611694335938   -308.400054931641
6.559   -617.592163085938   -309.083343505859
6.569   -617.572814941406   -309.311279296875
6.579   -617.611694335938   -309.652954101563
6.589   -617.611694335938   -310.108306884766
6.599   -617.611694335938   -310.29833984375
6.609   -617.592163085938   -310.29833984375
6.619   -617.631042480469   -309.728759765625
6.629   -617.631042480469   -310.146209716797
6.639   -617.592163085938   -310.715789794922
6.649   -617.592163085938   -310.639984130859
6.66   -617.650451660156   -310.29833984375
6.67   -617.650451660156   -309.994598388672
6.68   -617.650451660156   -309.728759765625
6.69   -617.611694335938   -310.374145507813
6.7   -617.611694335938   -310.488372802734
6.71   -617.631042480469   -310.488372802734
6.72   -617.592163085938   -310.374145507813
6.73   -617.592163085938   -310.715789794922
6.74   -617.650451660156   -311.741241455078
6.75   -617.592163085938   -311.817047119141
6.76   -617.572814941406   -312.007080078125
6.77   -617.553405761719   -312.272430419922
6.78   -617.572814941406   -311.930786132813
6.79   -617.572814941406   -311.664947509766
6.801   -617.553405761719   -312.158721923828
6.811   -617.572814941406   -313.145751953125
6.821   -617.631042480469   -313.222076416016
6.831   -617.650451660156   -313.411590576172
6.841   -617.650451660156   -313.259979248047
6.851   -617.650451660156   -312.879913330078
6.861   -617.650451660156   -312.728302001953
6.871   -617.650451660156   -313.145751953125
6.881   -617.631042480469   -312.918304443359
6.891   -617.592163085938   -312.652465820313
6.901   -617.592163085938   -312.994140625
6.911   -617.592163085938   -314.664489746094
6.921   -617.572814941406   -314.968231201172
6.931   -617.631042480469   -314.892425537109
6.941   -617.592163085938   -315.234069824219
6.952   -617.592163085938   -315.765747070313
6.962   -617.650451660156   -315.652008056641
6.972   -617.611694335938   -315.234069824219
6.982   -617.572814941406   -315.309875488281
6.992   -617.572814941406   -315.234069824219
7.002   -617.631042480469   -314.664489746094
7.012   -617.650451660156   -314.740783691406
7.022   -617.650451660156   -314.740783691406
7.032   -617.592163085938   -315.006134033203
7.042   -617.572814941406   -315.462005615234
7.052   -617.611694335938   -316.183197021484
7.062   -617.631042480469   -316.524871826172
7.072   -617.631042480469   -316.183197021484
7.082   -617.631042480469   -316.942810058594
7.093   -617.631042480469   -317.284454345703
7.103   -617.572814941406   -317.436096191406
7.113   -617.572814941406   -317.891967773438
7.123   -617.592163085938   -318.575256347656
7.133   -617.592163085938   -318.613159179688
7.143   -617.572814941406   -317.664031982422
7.153   -617.572814941406   -316.790710449219
7.163   -617.592163085938   -317.094451904297
7.173   -617.631042480469   -317.626129150391
7.183   -617.650451660156   -317.854064941406
7.193   -617.631042480469   -318.461547851563
7.203   -617.592163085938   -318.233612060547
7.213   -617.592163085938   -317.929870605469
7.223   -617.592163085938   -317.701934814453
7.233   -617.553405761719   -317.929870605469
7.244   -617.553405761719   -318.347320556641
7.254   -617.572814941406   -318.841094970703
7.264   -617.572814941406   -319.334869384766
7.274   -617.534057617188   -319.486511230469
7.284   -617.592163085938   -319.866058349609
7.294   -617.631042480469   -320.018157958984
7.304   -617.650451660156   -320.549835205078
7.314   -617.650451660156   -321.536895751953
7.324   -617.631042480469   -321.992279052734
7.334   -617.631042480469   -322.448120117188
7.344   -617.592163085938   -322.827697753906
7.354   -617.553405761719   -323.283538818359
7.364   -617.572814941406   -323.966857910156
7.374   -617.631042480469   -323.510986328125
7.384   -617.631042480469   -322.751861572266
7.394   -617.572814941406   -322.865600585938
7.405   -617.572814941406   -323.207244873047
7.415   -617.572814941406   -323.776824951172
7.425   -617.534057617188   -323.853118896484
7.435   -617.534057617188   -323.510986328125
7.445   -617.592163085938   -323.283538818359
7.455   -617.631042480469   -322.638153076172
7.465   -617.572814941406   -321.878540039063
7.475   -617.572814941406   -321.233154296875
7.485   -617.592163085938   -320.891510009766
7.495   -617.572814941406   -320.815673828125
7.505   -617.572814941406   -321.650604248047
7.515   -617.611694335938   -322.523956298828
7.525   -617.650451660156   -322.713958740234
7.535   -617.592163085938   -322.448120117188
7.545   -617.572814941406   -322.599761962891
7.555   -617.592163085938   -323.207244873047
7.566   -617.534057617188   -323.891052246094
7.576   -617.572814941406   -324.194793701172
7.586   -617.592163085938   -323.853118896484
7.596   -617.650451660156   -322.865600585938
7.606   -617.592163085938   -323.625213623047
7.616   -617.592163085938   -324.764373779297
7.626   -617.592163085938   -324.953918457031
7.636   -617.611694335938   -323.853118896484
7.646   -617.592163085938   -323.435180664063
7.656   -617.572814941406   -324.232696533203
7.666   -617.592163085938   -325.409759521484
7.676   -617.592163085938   -325.789337158203
7.686   -617.592163085938   -326.168884277344
7.696   -617.631042480469   -326.017242431641
7.706   -617.592163085938   -325.827239990234
7.716   -617.631042480469   -326.130981445313
7.727   -617.631042480469   -326.586822509766
7.737   -617.553405761719   -326.7763671875
7.747   -617.611694335938   -327.155944824219
7.757   -617.572814941406   -327.498077392578
7.767   -617.631042480469   -328.105560302734
7.777   -617.592163085938   -328.067169189453
7.787   -617.553405761719   -327.611785888672
7.797   -617.592163085938   -328.067169189453
7.807   -617.592163085938   -329.358459472656
7.817   -617.534057617188   -329.700103759766
7.827   -617.572814941406   -329.585876464844
7.837   -617.592163085938   -329.282135009766
7.847   -617.572814941406   -329.851715087891
7.857   -617.592163085938   -329.700103759766
7.867   -617.572814941406   -329.510070800781
7.877   -617.592163085938   -329.547973632813
7.888   -617.631042480469   -329.662200927734
7.898   -617.572814941406   -329.8896484375
7.908   -617.495178222656   -330.155487060547
7.918   -617.592163085938   -330.117553710938
7.928   -617.572814941406   -329.434265136719
7.938   -617.631042480469   -330.003845214844
7.948   -617.631042480469   -330.877166748047
7.958   -617.572814941406   -331.788391113281
7.968   -617.572814941406   -332.358001708984
7.978   -617.572814941406   -332.015838623047
7.988   -617.534057617188   -331.788391113281
7.998   -617.534057617188   -331.560485839844
8.008   -617.592163085938   -331.636291503906
8.018   -617.631042480469   -331.066711425781
8.028   -617.631042480469   -331.02880859375
8.039   -617.553405761719   -331.180908203125
8.049   -617.534057617188   -331.294647216797
8.059   -617.572814941406   -330.915069580078
8.069   -617.534057617188   -330.003845214844
8.079   -617.592163085938   -331.066711425781
8.089   -617.572814941406   -331.143005371094
8.099   -617.592163085938   -331.977935791016
8.109   -617.611694335938   -332.130065917969
8.119   -617.553405761719   -331.408355712891
8.129   -617.534057617188   -330.952972412109
8.139   -617.592163085938   -331.560485839844
8.149   -617.592163085938   -331.674194335938
8.159   -617.553405761719   -331.180908203125
8.169   -617.534057617188   -330.877166748047
8.179   -617.534057617188   -330.877166748047
8.189   -617.534057617188   -331.674194335938
8.2   -617.592163085938   -332.585418701172
8.21   -617.592163085938   -333.079193115234
8.22   -617.572814941406   -333.420837402344
8.23   -617.631042480469   -333.420837402344
8.24   -617.611694335938   -332.927093505859
8.25   -617.572814941406   -333.154998779297
8.26   -617.611694335938   -332.851257324219
8.27   -617.592163085938   -332.16796875
8.28   -617.534057617188   -331.788391113281
8.29   -617.534057617188   -331.940032958984
8.3   -617.592163085938   -333.003387451172
8.31   -617.611694335938   -333.648773193359
8.32   -617.572814941406   -334.142059326172
8.33   -617.572814941406   -334.484191894531
8.34   -617.592163085938   -334.294189453125
8.351   -617.572814941406   -333.724609375
8.361   -617.553405761719   -333.724609375
8.371   -617.553405761719   -334.787933349609
8.381   -617.592163085938   -335.129608154297
8.391   -617.650451660156   -334.787933349609
8.401   -617.611694335938   -334.218353271484
8.411   -617.592163085938   -333.648773193359
8.421   -617.553405761719   -331.598388671875
8.431   -617.572814941406   -332.661743164063
8.441   -617.592163085938   -333.990447998047
8.451   -617.592163085938   -333.838317871094
8.461   -617.553405761719   -333.572967529297
8.471   -617.514526367188   -333.192932128906
8.481   -617.592163085938   -333.30712890625
8.491   -617.631042480469   -333.572967529297
8.502   -617.631042480469   -333.496673583984
8.512   -617.572814941406   -333.534576416016
8.522   -617.572814941406   -334.218353271484
8.532   -617.592163085938   -334.635833740234
8.542   -617.592163085938   -334.256256103516
8.552   -617.611694335938   -333.724609375
8.562   -617.572814941406   -334.142059326172
8.572   -617.534057617188   -335.319122314453
8.582   -617.572814941406   -335.774993896484
8.592   -617.592163085938   -335.015380859375
8.602   -617.495178222656   -335.243316650391
8.612   -617.495178222656   -335.433349609375
8.622   -617.534057617188   -335.357055664063
8.632   -617.572814941406   -336.078735351563
8.642   -617.650451660156   -336.230377197266
8.652   -617.631042480469   -336.154541015625
8.663   -617.572814941406   -336.230377197266
8.673   -617.534057617188   -335.812896728516
8.683   -617.572814941406   -335.774993896484
8.693   -617.611694335938   -335.660797119141
8.703   -617.631042480469   -336.420379638672
8.713   -617.592163085938   -336.914154052734
8.723   -617.572814941406   -337.255798339844
8.733   -617.553405761719   -337.065795898438
8.743   -617.534057617188   -336.534118652344
8.753   -617.572814941406   -337.179504394531
8.763   -617.553405761719   -337.179504394531
8.773   -617.592163085938   -337.445343017578
8.783   -617.592163085938   -338.242858886719
8.793   -617.592163085938   -338.774536132813
8.803   -617.631042480469   -339.685760498047
8.814   -617.592163085938   -340.444885253906
8.824   -617.534057617188   -341.470336914063
8.834   -617.534057617188   -341.925720214844
8.844   -617.572814941406   -341.356109619141
8.854   -617.611694335938   -340.141143798828
8.864   -617.650451660156   -340.862854003906
8.874   -617.631042480469   -341.508239746094
8.884   -617.611694335938   -340.710723876953
8.894   -617.631042480469   -339.875305175781
8.904   -617.631042480469   -339.723663330078
8.914   -617.592163085938   -339.571563720703
8.924   -617.572814941406   -339.647857666016
8.934   -617.592163085938   -338.850341796875
8.944   -617.534057617188   -338.129150390625
8.954   -617.495178222656   -338.242858886719
8.964   -617.553405761719   -338.660339355469
8.975   -617.592163085938   -339.457855224609
8.985   -617.631042480469   -340.559112548828
8.995   -617.572814941406   -340.482788085938
9.005   -617.534057617188   -340.103240966797
9.015   -617.572814941406   -340.406982421875
9.025   -617.592163085938   -340.786529541016
9.035   -617.592163085938   -340.786529541016
9.045   -617.592163085938   -341.356109619141
9.055   -617.611694335938   -341.849884033203
9.065   -617.631042480469   -341.697784423828
9.075   -617.592163085938   -340.255340576172
9.085   -617.572814941406   -336.837860107422
9.095   -617.534057617188   -336.762054443359
9.105   -617.534057617188   -336.420379638672
9.115   -617.534057617188   -336.914154052734
9.126   -617.592163085938   -337.977020263672
9.136   -617.631042480469   -338.622406005859
9.146   -617.631042480469   -339.040374755859
9.156   -617.592163085938   -339.154083251953
9.166   -617.572814941406   -339.116180419922
9.176   -617.611694335938   -339.571563720703
9.186   -617.631042480469   -340.331176757813
9.196   -617.631042480469   -340.938659667969
9.206   -617.650451660156   -341.508239746094
9.216   -617.650451660156   -341.204498291016
9.226   -617.669799804688   -340.634918212891
9.236   -617.631042480469   -340.331176757813
9.246   -617.572814941406   -340.786529541016
9.256   -617.631042480469   -339.875305175781
9.266   -617.572814941406   -340.141143798828
9.276   -617.553405761719   -341.014465332031
9.286   -617.572814941406   -341.621948242188
9.297   -617.572814941406   -341.811981201172
9.307   -617.572814941406   -341.508239746094
9.317   -617.572814941406   -341.774078369141
9.327   -617.534057617188   -342.001525878906
9.337   -617.495178222656   -342.989044189453
9.347   -617.534057617188   -343.634460449219
9.357   -617.592163085938   -342.419464111328
9.367   -617.631042480469   -341.356109619141
9.377   -617.631042480469   -341.470336914063
9.387   -617.611694335938   -341.621948242188
9.397   -617.631042480469   -341.356109619141
9.407   -617.572814941406   -341.014465332031
9.417   -617.534057617188   -340.9765625
9.427   -617.572814941406   -342.229461669922
9.437   -617.572814941406   -342.533203125
9.447   -617.592163085938   -343.216491699219
9.458   -617.592163085938   -344.204040527344
9.468   -617.534057617188   -344.317749023438
9.478   -617.534057617188   -345.191070556641
9.488   -617.592163085938   -345.304809570313
9.498   -617.631042480469   -344.887329101563
9.508   -617.631042480469   -344.697326660156
9.518   -617.631042480469   -344.697326660156
9.528   -617.650451660156   -344.507781982422
9.538   -617.611694335938   -343.710266113281
9.548   -617.592163085938   -343.444427490234
9.558   -617.650451660156   -343.558166503906
9.568   -617.611694335938   -342.912750244141
9.578   -617.592163085938   -341.811981201172
9.588   -617.572814941406   -341.052368164063
9.598   -617.572814941406   -341.39404296875
9.608   -617.592163085938   -341.356109619141
9.619   -617.592163085938   -341.925720214844
9.629   -617.611694335938   -342.267364501953
9.639   -617.572814941406   -342.419464111328
9.649   -617.592163085938   -341.280303955078
9.659   -617.592163085938   -340.786529541016
9.669   -617.534057617188   -340.900756835938
9.679   -617.534057617188   -341.546142578125
9.689   -617.514526367188   -342.571105957031
9.699   -617.534057617188   -343.216491699219
9.709   -617.572814941406   -343.330718994141
9.719   -617.592163085938   -343.938201904297
9.729   -617.631042480469   -344.279846191406
9.739   -617.592163085938   -344.469390869141
9.749   -617.592163085938   -344.8115234375
9.759   -617.553405761719   -345.760681152344
9.769   -617.534057617188   -345.570648193359
9.78   -617.553405761719   -345.988098144531
9.79   -617.572814941406   -346.861450195313
9.8   -617.534057617188   -346.519775390625
9.81   -617.514526367188   -345.798583984375
9.82   -617.572814941406   -345.836486816406
9.83   -617.572814941406   -345.722747802734
9.84   -617.572814941406   -346.595611572266
9.85   -617.592163085938   -348.000610351563
9.86   -617.572814941406   -348.152709960938
9.87   -617.572814941406   -347.013549804688
9.88   -617.611694335938   -346.634002685547
9.89   -617.650451660156   -346.481872558594
9.9   -617.611694335938   -346.330261230469
9.91   -617.534057617188   -346.519775390625
9.92   -617.534057617188   -347.5068359375
9.931   -617.572814941406   -348.532287597656
9.941   -617.534057617188   -348.911834716797
9.951   -617.553405761719   -349.139770507813
9.961   -617.572814941406   -349.519317626953
9.971   -617.534057617188   -349.139770507813
9.981   -617.514526367188   -349.443511962891
9.991   -617.572814941406   -350.164733886719
10.001   -617.592163085938   -349.139770507813
10.012   -615.690368652344   -347.08935546875
10.022   -312.301818847656   -183.105072021484
10.032   -9.06849002838135   -8.86925220489502
10.043   -7.26355361938477   5.48256969451904
10.053   -7.72931957244873   10.836254119873
10.063   -50.6381683349609   -19.3486919403076
10.073   -6.99204301834106   18.9615497589111
10.083   -6.42914915084839   21.2772998809814
10.093   -6.37102174758911   22.7202110290527
10.103   -6.64253234863281   23.6693515777588
10.113   -6.81716346740723   24.2768421173096
10.123   -6.93366718292236   24.9601459503174
10.133   -7.34130525588989   25.2259826660156
10.143   -7.962327003479   25.1501693725586
10.153   -36.8785705566406   2.14137625694275
10.164   -36.723316192627   1.79972422122955
10.174   -7.45780897140503   25.6439361572266
10.184   -6.40977334976196   27.618034362793
10.194   -5.944007396698   28.7572002410889
10.204   -6.37102174758911   28.8330135345459
10.214   -6.75903558731079   28.9088287353516
10.224   -6.64253234863281   29.1746654510498
10.234   -6.72028398513794   29.7442493438721
10.244   -6.8561635017395   29.9721794128418
10.254   -7.10829830169678   30.0479927062988
10.264   -7.47718477249146   30.0479927062988
10.274   -8.02045440673828   29.7063407897949
10.284   -57.8964195251465   -13.7670764923096
10.295   -57.2947731018066   -13.5396327972412
10.305   -6.81716346740723   30.8455066680908
10.315   -6.15739011764526   31.9462795257568
10.325   -6.17676591873169   32.2879295349121
10.335   -6.72028398513794   31.9841861724854
10.345   -6.7977876663208   31.9462795257568
10.355   -6.56502866744995   32.3263244628906
10.365   -6.62315607070923   32.477954864502
10.375   -6.89491510391235   32.477954864502
10.385   -7.14729833602905   32.3263244628906
10.395   -7.45780897140503   32.2879295349121
10.405   -17.5881576538086   24.3147487640381
10.415   -20.5767612457275   20.2523441314697
10.426   -10.7375469207764   28.4534549713135
10.436   -6.5262770652771   33.5413055419922
10.446   -5.944007396698   34.2625160217285
10.456   -6.2738938331604   34.0345840454102
10.466   -6.73965978622437   33.7308387756348
10.476   -6.66190814971924   33.7687492370605
10.486   -6.50665283203125   34.1487922668457
10.496   -6.64253234863281   34.1104011535645
10.506   -6.83678770065308   34.1487922668457
10.516   -6.97241878509521   33.9966773986816
10.526   -7.34130525588989   33.7308387756348
10.536   -8.02045440673828   33.3891868591309
10.546   -69.7927017211914   -18.9686470031738
10.557   -69.3463134765625   -19.0449466705322
10.567   -6.29326963424683   35.0600280761719
10.577   -6.0215106010437   35.2495651245117
10.587   -6.50665283203125   34.9837265014648
10.597   -6.77841138839722   34.8320960998535
10.607   -6.64253234863281   35.1737518310547
10.617   -6.5262770652771   35.0600280761719
10.627   -6.68153238296509   34.9079132080078
10.637   -6.87553930282593   35.0216331481934
10.647   -7.1276741027832   35.0216331481934
10.657   -7.65181589126587   34.6041679382324
10.667   -8.38934135437012   34.2625160217285
10.677   -65.6395645141602   -16.3870582580566
10.688   -64.9216613769531   -16.0454063415527
10.698   -6.89491510391235   35.0979347229004
10.708   -6.15739011764526   36.0470771789551
10.718   -6.15739011764526   36.1228904724121
10.728   -6.77841138839722   35.8191452026367
10.738   -6.62315607070923   36.0091705322266
10.748   -6.62315607070923   36.0470771789551
10.758   -6.77841138839722   35.971263885498
10.768   -6.93366718292236   36.0470771789551
10.778   -7.24417781829834   35.6675186157227
10.788   -7.78769540786743   35.2874717712402
10.798   -10.407660484314   33.0854454040527
10.808   -21.3530387878418   22.0369052886963
10.819   -18.616569519043   24.0868186950684
10.829   -6.68153238296509   36.1228904724121
10.839   -6.04088640213013   36.7303810119629
10.849   -6.25451803207397   36.7682876586914
10.859   -6.68153238296509   36.6166610717773
10.869   -6.70090818405151   36.7682876586914
10.879   -6.6037802696228   36.7682876586914
10.889   -6.72028398513794   36.7682876586914
10.899   -7.08892250061035   36.464542388916
10.909   -7.41880893707275   36.388729095459
10.919   -7.962327003479   36.1228904724121
10.929   -41.5168571472168   7.6466908454895
10.939   -41.1482162475586   6.9254789352417
10.95   -7.26355361938477   35.3253784179688
10.96   -6.44852495193481   36.9204025268555
10.97   -6.00213479995728   37.6037101745605
10.98   -6.46790075302124   37.3757781982422
10.99   -6.77841138839722   37.2620582580566
11   -6.66190814971924   37.1862411499023
